#      D       Lambda1     Log(g) = 2.7
0.0    49.0608
0.00486     48.39657
0.00530     48.33620
0.00575     48.27582
0.00619     48.21545
0.00663     48.15508
0.00708     48.09470
0.00752     48.03433
0.00797     47.97395
0.00841     47.91358
0.00885     47.85321
0.00930     47.79283
0.00974     47.73246
0.01018     47.67209
0.01062     47.61171
0.01107     47.55134
0.01151     47.49097
0.01195     47.43059
0.01239     47.37022
0.01283     47.30984
0.01327     47.24947
0.01372     47.18910
0.01416     47.12872
0.01460     47.06835
0.01504     47.00798
0.01548     46.94761
0.01593     46.88724
0.01637     46.82687
0.01681     46.76650
0.01725     46.70612
0.01769     46.64575
0.01813     46.58538
0.01858     46.52501
0.01902     46.46464
0.01946     46.40427
0.01990     46.34388
0.02035     46.28350
0.02079     46.22311
0.02123     46.16272
0.02168     46.10233
0.02212     46.04195
0.02257     45.98156
0.02301     45.92117
0.02345     45.86078
0.02390     45.80040
0.02434     45.74001
0.02478     45.67964
0.02522     45.61926
0.02567     45.55889
0.02611     45.49852
0.02655     45.43814
0.02699     45.37777
0.02743     45.31739
0.02787     45.25702
0.02832     45.19665
0.02876     45.13627
0.02920     45.07590
0.02964     45.01553
0.03008     44.95516
0.03053     44.89479
0.03097     44.83442
0.03141     44.77405
0.03185     44.71367
0.03229     44.65330
0.03273     44.59293
0.03318     44.53256
0.03362     44.47219
0.03406     44.41182
0.03450     44.35145
0.03495     44.29107
0.03539     44.23070
0.03583     44.17033
0.03628     44.10995
0.03672     44.04958
0.03717     43.98920
0.03761     43.92883
0.03805     43.86846
0.03850     43.80808
0.03894     43.74771
0.03938     43.68732
0.03982     43.62694
0.04027     43.56655
0.04071     43.50616
0.04115     43.44577
0.04159     43.38539
0.04203     43.32500
0.04247     43.26461
0.04292     43.20422
0.04336     43.14384
0.04380     43.08345
0.04427     43.02557
0.04475     42.96768
0.04522     42.90980
0.04570     42.85192
0.04617     42.79403
0.04665     42.73615
0.04712     42.67826
0.04760     42.62038
0.04807     42.56250
0.04855     42.50461
0.04902     42.44673
0.04957     42.39644
0.05011     42.34615
0.05066     42.29586
0.05121     42.24557
0.05176     42.19528
0.05230     42.14498
0.05285     42.09469
0.05340     42.04440
0.05395     41.99411
0.05449     41.94382
0.05504     41.89353
0.05551     41.83567
0.05598     41.77781
0.05645     41.71994
0.05692     41.66208
0.05739     41.60422
0.05785     41.54636
0.05832     41.48850
0.05879     41.43064
0.05926     41.37277
0.05973     41.31491
0.06020     41.25705
0.06067     41.19901
0.06114     41.14098
0.06161     41.08294
0.06208     41.02491
0.06255     40.96687
0.06301     40.90884
0.06348     40.85080
0.06395     40.79277
0.06442     40.73473
0.06489     40.67670
0.06536     40.61866
0.06592     40.56825
0.06647     40.51784
0.06703     40.46743
0.06758     40.41703
0.06814     40.36662
0.06869     40.31621
0.06925     40.26580
0.06980     40.21539
0.07036     40.16498
0.07091     40.11457
0.07147     40.06416
0.07204     40.01530
0.07262     39.96644
0.07319     39.91757
0.07377     39.86871
0.07435     39.81984
0.07492     39.77098
0.07550     39.72211
0.07608     39.67325
0.07665     39.62438
0.07723     39.57552
0.07780     39.52666
0.07836     39.47629
0.07891     39.42592
0.07946     39.37555
0.08001     39.32518
0.08056     39.27481
0.08111     39.22444
0.08166     39.17407
0.08221     39.12371
0.08276     39.07334
0.08331     39.02297
0.08387     38.97260
0.08435     38.91524
0.08483     38.85788
0.08532     38.80052
0.08580     38.74316
0.08629     38.68580
0.08677     38.62843
0.08725     38.57107
0.08774     38.51371
0.08822     38.45635
0.08871     38.39899
0.08919     38.34163
0.08976     38.29407
0.09034     38.24651
0.09091     38.19896
0.09149     38.15140
0.09206     38.10384
0.09263     38.05628
0.09321     38.00873
0.09378     37.96117
0.09436     37.91361
0.09493     37.86605
0.09551     37.81849
0.09606     37.76895
0.09661     37.71940
0.09716     37.66986
0.09772     37.62031
0.09827     37.57076
0.09882     37.52122
0.09938     37.47167
0.09993     37.42212
0.10048     37.37258
0.10104     37.32303
0.10159     37.27349
0.10214     37.22390
0.10269     37.17432
0.10325     37.12474
0.10380     37.07516
0.10435     37.02558
0.10490     36.97600
0.10546     36.92642
0.10601     36.87684
0.10656     36.82726
0.10711     36.77768
0.10767     36.72810
0.10822     36.67814
0.10878     36.62818
0.10933     36.57821
0.10989     36.52825
0.11044     36.47829
0.11099     36.42833
0.11155     36.37837
0.11210     36.32841
0.11266     36.27844
0.11321     36.22848
0.11377     36.17852
0.11437     36.13508
0.11498     36.09164
0.11558     36.04820
0.11618     36.00476
0.11679     35.96132
0.11739     35.91788
0.11800     35.87444
0.11860     35.83100
0.11920     35.78756
0.11981     35.74412
0.12041     35.70068
0.12101     35.65546
0.12160     35.61024
0.12220     35.56502
0.12279     35.51980
0.12339     35.47458
0.12398     35.42936
0.12458     35.38414
0.12517     35.33892
0.12577     35.29370
0.12636     35.24848
0.12696     35.20325
0.12753     35.15535
0.12810     35.10744
0.12867     35.05953
0.12924     35.01162
0.12981     34.96371
0.13038     34.91580
0.13095     34.86789
0.13153     34.81999
0.13210     34.77208
0.13267     34.72417
0.13324     34.67626
0.13382     34.62920
0.13440     34.58213
0.13497     34.53507
0.13555     34.48800
0.13613     34.44094
0.13671     34.39387
0.13729     34.34681
0.13787     34.29974
0.13844     34.25268
0.13902     34.20561
0.13960     34.15855
0.14021     34.11593
0.14082     34.07330
0.14143     34.03068
0.14204     33.98806
0.14265     33.94544
0.14326     33.90281
0.14387     33.86019
0.14448     33.81757
0.14509     33.77495
0.14570     33.73232
0.14631     33.68970
0.14690     33.64574
0.14750     33.60178
0.14809     33.55781
0.14869     33.51385
0.14929     33.46989
0.14988     33.42593
0.15048     33.38196
0.15108     33.33800
0.15167     33.29404
0.15227     33.25008
0.15287     33.20612
0.15345     33.16338
0.15404     33.12065
0.15463     33.07792
0.15521     33.03519
0.15580     32.99246
0.15639     32.94973
0.15697     32.90700
0.15756     32.86427
0.15815     32.82154
0.15873     32.77881
0.15932     32.73608
0.15994     32.69684
0.16056     32.65760
0.16118     32.61836
0.16180     32.57912
0.16242     32.53988
0.16305     32.50063
0.16367     32.46139
0.16429     32.42215
0.16491     32.38291
0.16553     32.34367
0.16615     32.30443
0.16676     32.26233
0.16737     32.22022
0.16799     32.17812
0.16860     32.13601
0.16921     32.09391
0.16982     32.05181
0.17044     32.00970
0.17105     31.96760
0.17166     31.92549
0.17227     31.88339
0.17289     31.84128
0.17349     31.79814
0.17410     31.75500
0.17471     31.71186
0.17532     31.66871
0.17592     31.62557
0.17653     31.58243
0.17714     31.53928
0.17775     31.49614
0.17835     31.45300
0.17896     31.40985
0.17957     31.36671
0.18021     31.32897
0.18085     31.29123
0.18149     31.25350
0.18213     31.21576
0.18277     31.17802
0.18341     31.14028
0.18405     31.10255
0.18469     31.06481
0.18533     31.02707
0.18597     30.98933
0.18662     30.95160
0.18721     30.91528
0.18782     30.87896
0.18841     30.84264
0.18902     30.80632
0.18962     30.77000
0.19022     30.73368
0.19082     30.69736
0.19142     30.66104
0.19202     30.62472
0.19262     30.58840
0.19322     30.55208
0.19384     30.51557
0.19446     30.47906
0.19509     30.44254
0.19571     30.40603
0.19634     30.36952
0.19696     30.33300
0.19759     30.29649
0.19821     30.25998
0.19884     30.22346
0.19946     30.18695
0.20009     30.15044
0.20073     30.11509
0.20137     30.07975
0.20201     30.04440
0.20265     30.00906
0.20330     29.97371
0.20394     29.93837
0.20458     29.90303
0.20522     29.86768
0.20587     29.83234
0.20651     29.79699
0.20715     29.76165
0.20781     29.73032
0.20847     29.69898
0.20913     29.66765
0.20979     29.63632
0.21045     29.60498
0.21110     29.57365
0.21176     29.54232
0.21242     29.51098
0.21308     29.47965
0.21374     29.44832
0.21440     29.41698
0.21506     29.38726
0.21571     29.35754
0.21637     29.32782
0.21702     29.29810
0.21768     29.26838
0.21834     29.23866
0.21899     29.20894
0.21965     29.17921
0.22030     29.14949
0.22096     29.11977
0.22162     29.09005
0.22227     29.05965
0.22292     29.02926
0.22357     28.99886
0.22422     28.96847
0.22487     28.93807
0.22553     28.90768
0.22618     28.87728
0.22683     28.84689
0.22748     28.81649
0.22813     28.78610
0.22879     28.75570
0.22945     28.71794
0.23012     28.68017
0.23079     28.64241
0.23146     28.60465
0.23213     28.56688
0.23280     28.52912
0.23347     28.49135
0.23414     28.45359
0.23481     28.41583
0.23548     28.37806
0.23615     28.34030
0.23681     28.30091
0.23747     28.26153
0.23812     28.22214
0.23878     28.18276
0.23944     28.14337
0.24010     28.10399
0.24075     28.06460
0.24141     28.02522
0.24207     27.98583
0.24273     27.94645
0.24339     27.90706
0.24407     27.88839
0.24475     27.86971
0.24543     27.85103
0.24611     27.83235
0.24679     27.81367
0.24747     27.79500
0.24815     27.77632
0.24884     27.75764
0.24952     27.73896
0.25020     27.72028
0.25088     27.70161
0.25156     27.67385
0.25225     27.64609
0.25294     27.61833
0.25362     27.59057
0.25431     27.56281
0.25499     27.53505
0.25567     27.50729
0.25636     27.47953
0.25705     27.45177
0.25773     27.42401
0.25842     27.39625
0.25911     27.36649
0.25980     27.33673
0.26049     27.30696
0.26118     27.27720
0.26187     27.24744
0.26256     27.21768
0.26325     27.18791
0.26395     27.15815
0.26464     27.12839
0.26533     27.09863
0.26602     27.06886
0.26673     27.05483
0.26744     27.04080
0.26815     27.02677
0.26886     27.01273
0.26957     26.99870
0.27028     26.98467
0.27099     26.97063
0.27170     26.95660
0.27241     26.94257
0.27312     26.92853
0.27384     26.91450
0.27454     26.89381
0.27525     26.87312
0.27596     26.85243
0.27667     26.83173
0.27738     26.81104
0.27809     26.79035
0.27880     26.76966
0.27950     26.74897
0.28021     26.72828
0.28092     26.70759
0.28163     26.68689
0.28235     26.66979
0.28306     26.65269
0.28378     26.63559
0.28450     26.61849
0.28522     26.60139
0.28593     26.58429
0.28665     26.56719
0.28737     26.55008
0.28809     26.53298
0.28880     26.51588
0.28952     26.49878
0.29024     26.48610
0.29096     26.47343
0.29168     26.46075
0.29240     26.44808
0.29312     26.43540
0.29385     26.42273
0.29457     26.41005
0.29529     26.39738
0.29601     26.38471
0.29673     26.37203
0.29745     26.35936
0.29818     26.34626
0.29890     26.33316
0.29963     26.32007
0.30035     26.30697
0.30108     26.29388
0.30181     26.28078
0.30253     26.26768
0.30326     26.25459
0.30398     26.24149
0.30471     26.22840
0.30544     26.21530
0.30617     26.20786
0.30690     26.20042
0.30762     26.19299
0.30835     26.18555
0.30908     26.17811
0.30982     26.17067
0.31055     26.16324
0.31128     26.15580
0.31200     26.14836
0.31273     26.14092
0.31346     26.13349
0.31419     26.13844
0.31492     26.14338
0.31565     26.14833
0.31637     26.15329
0.31710     26.15823
0.31783     26.16318
0.31856     26.16813
0.31928     26.17308
0.32001     26.17803
0.32074     26.18298
0.32147     26.18793
0.32220     26.18762
0.32293     26.18730
0.32366     26.18698
0.32439     26.18667
0.32512     26.18635
0.32585     26.18603
0.32658     26.18572
0.32731     26.18540
0.32804     26.18508
0.32877     26.18477
0.32950     26.18445
0.33023     26.18132
0.33096     26.17819
0.33169     26.17506
0.33242     26.17194
0.33315     26.16881
0.33388     26.16568
0.33461     26.16255
0.33534     26.15942
0.33607     26.15629
0.33680     26.15316
0.33754     26.15004
0.33826     26.14640
0.33899     26.14276
0.33972     26.13912
0.34045     26.13548
0.34118     26.13184
0.34191     26.12820
0.34264     26.12456
0.34336     26.12092
0.34409     26.11728
0.34482     26.11364
0.34555     26.11000
0.34628     26.11000
0.34701     26.11000
0.34774     26.11000
0.34847     26.11000
0.34920     26.11000
0.34993     26.11000
0.35066     26.11000
0.35139     26.11000
0.35212     26.11000
0.35285     26.11000
0.35359     26.11000
0.35431     26.11728
0.35504     26.12456
0.35577     26.13183
0.35649     26.13911
0.35722     26.14639
0.35795     26.15367
0.35868     26.16094
0.35940     26.16822
0.36013     26.17550
0.36086     26.18278
0.36159     26.19005
0.36231     26.20151
0.36304     26.21296
0.36376     26.22441
0.36449     26.23586
0.36521     26.24731
0.36594     26.25876
0.36666     26.27021
0.36739     26.28166
0.36811     26.29311
0.36884     26.30456
0.36957     26.31602
0.37029     26.32376
0.37102     26.33150
0.37174     26.33925
0.37247     26.34699
0.37319     26.35474
0.37392     26.36248
0.37465     26.37023
0.37537     26.37797
0.37610     26.38572
0.37682     26.39346
0.37755     26.40121
0.37827     26.40772
0.37900     26.41423
0.37972     26.42075
0.38045     26.42726
0.38117     26.43377
0.38189     26.44028
0.38262     26.44680
0.38334     26.45331
0.38407     26.45982
0.38479     26.46633
0.38551     26.47284
0.38624     26.48083
0.38696     26.48881
0.38768     26.49679
0.38841     26.50477
0.38913     26.51276
0.38985     26.52074
0.39058     26.52872
0.39130     26.53670
0.39202     26.54469
0.39275     26.55267
0.39347     26.56065
0.39419     26.57328
0.39491     26.58591
0.39563     26.59854
0.39635     26.61117
0.39707     26.62380
0.39780     26.63644
0.39852     26.64907
0.39924     26.66170
0.39996     26.67433
0.40068     26.68696
0.40140     26.69959
0.40212     26.71870
0.40283     26.73781
0.40355     26.75692
0.40426     26.77603
0.40498     26.79514
0.40569     26.81425
0.40641     26.83336
0.40712     26.85247
0.40784     26.87158
0.40855     26.89069
0.40927     26.90980
0.40999     26.91945
0.41071     26.92909
0.41142     26.93874
0.41214     26.94838
0.41286     26.95803
0.41358     26.96767
0.41430     26.97731
0.41502     26.98696
0.41573     26.99660
0.41645     27.00625
0.41717     27.01589
0.41788     27.02975
0.41859     27.04360
0.41930     27.05746
0.42001     27.07131
0.42072     27.08517
0.42143     27.09902
0.42214     27.11288
0.42285     27.12673
0.42356     27.14059
0.42427     27.15444
0.42499     27.16830
0.42569     27.19026
0.42639     27.21222
0.42710     27.23418
0.42780     27.25614
0.42851     27.27810
0.42921     27.30005
0.42992     27.32201
0.43062     27.34397
0.43133     27.36593
0.43203     27.38789
0.43273     27.40985
0.43345     27.42551
0.43416     27.44117
0.43488     27.45684
0.43559     27.47250
0.43630     27.48816
0.43702     27.50382
0.43773     27.51949
0.43844     27.53515
0.43916     27.55081
0.43987     27.56647
0.44059     27.58214
0.44129     27.60832
0.44199     27.63451
0.44269     27.66070
0.44339     27.68689
0.44409     27.71307
0.44479     27.73926
0.44549     27.76545
0.44620     27.79164
0.44690     27.81782
0.44760     27.84401
0.44830     27.87020
0.44901     27.89049
0.44972     27.91078
0.45043     27.93108
0.45114     27.95137
0.45185     27.97166
0.45255     27.99195
0.45326     28.01225
0.45397     28.03254
0.45468     28.05283
0.45539     28.07312
0.45610     28.09341
0.45680     28.11225
0.45749     28.13108
0.45819     28.14991
0.45888     28.16874
0.45958     28.18758
0.46027     28.20641
0.46097     28.22524
0.46166     28.24407
0.46236     28.26291
0.46305     28.28174
0.46375     28.30057
0.46446     28.32385
0.46516     28.34712
0.46587     28.37040
0.46657     28.39367
0.46728     28.41695
0.46799     28.44022
0.46869     28.46350
0.46940     28.48677
0.47010     28.51005
0.47081     28.53332
0.47152     28.55660
0.47221     28.58396
0.47290     28.61131
0.47360     28.63867
0.47429     28.66603
0.47499     28.69338
0.47568     28.72074
0.47637     28.74809
0.47707     28.77545
0.47776     28.80281
0.47846     28.83016
0.47915     28.85752
0.47984     28.88512
0.48053     28.91273
0.48122     28.94033
0.48191     28.96793
0.48260     28.99554
0.48330     29.02314
0.48399     29.05074
0.48468     29.07835
0.48537     29.10595
0.48606     29.13355
0.48675     29.16116
0.48743     29.18610
0.48811     29.21105
0.48880     29.23599
0.48948     29.26094
0.49016     29.28588
0.49084     29.31083
0.49152     29.33577
0.49220     29.36072
0.49289     29.38566
0.49357     29.41061
0.49425     29.43555
0.49493     29.47054
0.49561     29.50553
0.49629     29.54052
0.49696     29.57551
0.49764     29.61050
0.49832     29.64549
0.49900     29.68048
0.49968     29.71547
0.50036     29.75046
0.50104     29.78545
0.50171     29.82044
0.50239     29.85538
0.50307     29.89032
0.50375     29.92527
0.50443     29.96021
0.50510     29.99516
0.50578     30.03010
0.50646     30.06504
0.50714     30.09999
0.50781     30.13493
0.50849     30.16988
0.50917     30.20482
0.50985     30.23972
0.51053     30.27462
0.51120     30.30952
0.51188     30.34441
0.51256     30.37931
0.51324     30.41421
0.51392     30.44911
0.51460     30.48401
0.51527     30.51891
0.51595     30.55381
0.51663     30.58871
0.51731     30.62366
0.51799     30.65861
0.51866     30.69357
0.51934     30.72852
0.52002     30.76348
0.52070     30.79843
0.52137     30.83338
0.52205     30.86834
0.52273     30.90329
0.52341     30.93825
0.52408     30.97320
0.52476     31.00810
0.52544     31.04299
0.52612     31.07789
0.52680     31.11278
0.52748     31.14768
0.52816     31.18258
0.52884     31.21747
0.52951     31.25237
0.53019     31.28726
0.53087     31.32216
0.53155     31.35705
0.53223     31.39200
0.53290     31.42695
0.53358     31.46190
0.53426     31.49685
0.53494     31.53180
0.53561     31.56675
0.53629     31.60170
0.53697     31.63665
0.53765     31.67160
0.53832     31.70655
0.53900     31.74150
0.53968     31.77641
0.54036     31.81131
0.54104     31.84621
0.54171     31.88112
0.54239     31.91602
0.54307     31.95092
0.54375     31.98582
0.54443     32.02073
0.54511     32.05563
0.54579     32.09053
0.54646     32.12544
0.54714     32.16038
0.54782     32.19532
0.54850     32.23027
0.54918     32.26521
0.54985     32.30016
0.55053     32.33510
0.55121     32.37004
0.55189     32.40499
0.55256     32.43993
0.55324     32.47488
0.55392     32.50982
0.55460     32.54472
0.55528     32.57962
0.55595     32.61452
0.55663     32.64941
0.55731     32.68431
0.55799     32.71921
0.55867     32.75411
0.55935     32.78901
0.56002     32.82391
0.56070     32.85881
0.56138     32.89370
0.56206     32.92866
0.56274     32.96361
0.56341     32.99857
0.56409     33.03352
0.56477     33.06848
0.56545     33.10343
0.56612     33.13838
0.56680     33.17334
0.56748     33.20829
0.56816     33.24325
0.56883     33.27820
0.56951     33.31310
0.57019     33.34799
0.57087     33.38289
0.57155     33.41778
0.57223     33.45268
0.57291     33.48758
0.57359     33.52247
0.57426     33.55737
0.57494     33.59226
0.57562     33.62716
0.57630     33.66205
0.57698     33.69700
0.57765     33.73195
0.57833     33.76690
0.57901     33.80185
0.57969     33.83680
0.58036     33.87176
0.58104     33.90671
0.58172     33.94166
0.58240     33.97660
0.58307     34.01156
0.58375     34.04651
0.58443     34.08141
0.58511     34.11631
0.58579     34.15121
0.58646     34.18612
0.58714     34.22102
0.58782     34.25592
0.58850     34.29082
0.58918     34.32573
0.58986     34.36063
0.59054     34.39553
0.59122     34.43044
0.59189     34.46538
0.59257     34.50032
0.59325     34.53527
0.59393     34.57021
0.59460     34.60516
0.59528     34.64010
0.59596     34.67504
0.59664     34.70999
0.59731     34.74493
0.59799     34.77988
0.59867     34.81482
0.59935     34.84972
0.60003     34.88462
0.60070     34.91952
0.60138     34.95441
0.60206     34.98931
0.60274     35.02421
0.60342     35.05911
0.60410     35.09401
0.60477     35.12891
0.60545     35.16381
0.60613     35.19870
0.60681     35.23366
0.60749     35.26861
0.60816     35.30357
0.60884     35.33852
0.60952     35.37348
0.61020     35.40843
0.61087     35.44338
0.61155     35.47834
0.61223     35.51329
0.61291     35.54825
0.61359     35.58320
0.61426     35.61810
0.61494     35.65299
0.61562     35.68789
0.61630     35.72278
0.61698     35.75768
0.61766     35.79258
0.61834     35.82747
0.61901     35.86237
0.61969     35.89726
0.62037     35.93216
0.62105     35.96706
0.62173     36.00201
0.62240     36.03695
0.62308     36.07191
0.62376     36.10686
0.62444     36.14181
0.62511     36.17675
0.62579     36.21171
0.62647     36.24666
0.62715     36.28161
0.62782     36.31656
0.62850     36.35151
0.62918     36.38641
0.62986     36.42131
0.63054     36.45621
0.63121     36.49112
0.63189     36.52602
0.63257     36.56092
0.63325     36.59582
0.63393     36.63073
0.63461     36.66563
0.63529     36.70053
0.63597     36.73544
0.63664     36.77038
0.63732     36.80532
0.63800     36.84027
0.63868     36.87521
0.63935     36.91016
0.64003     36.94510
0.64071     36.98004
0.64139     37.01499
0.64206     37.04993
0.64274     37.08488
0.64342     37.11982
0.64410     37.15472
0.64478     37.18962
0.64545     37.22452
0.64613     37.25941
0.64681     37.29431
0.64749     37.32921
0.64817     37.36411
0.64885     37.39901
0.64952     37.43391
0.65020     37.46881
0.65088     37.50370
0.65156     37.53866
0.65224     37.57361
0.65291     37.60857
0.65359     37.64352
0.65427     37.67848
0.65495     37.71343
0.65562     37.74838
0.65630     37.78334
0.65698     37.81829
0.65766     37.85325
0.65834     37.88820
0.65901     37.92310
0.65969     37.95799
0.66037     37.99289
0.66105     38.02778
0.66173     38.06268
0.66241     38.09758
0.66309     38.13247
0.66376     38.16737
0.66444     38.20226
0.66512     38.23716
0.66580     38.27205
0.66648     38.30700
0.66715     38.34195
0.66783     38.37690
0.66851     38.41185
0.66919     38.44680
0.66986     38.48175
0.67054     38.51671
0.67122     38.55166
0.67190     38.58660
0.67257     38.62156
0.67325     38.65651
0.67393     38.69141
0.67461     38.72631
0.67529     38.76121
0.67596     38.79612
0.67664     38.83102
0.67732     38.86592
0.67800     38.90082
0.67868     38.93573
0.67936     38.97063
0.68004     39.00553
0.68071     39.04044
0.68139     39.07538
0.68207     39.11032
0.68275     39.14527
0.68343     39.18021
0.68410     39.21516
0.68478     39.25010
0.68546     39.28504
0.68614     39.31999
0.68681     39.35493
0.68749     39.38988
0.68817     39.42482
0.68885     39.45972
0.68953     39.49462
0.69020     39.52952
0.69088     39.56441
0.69156     39.59931
0.69224     39.63421
0.69292     39.66911
0.69360     39.70401
0.69427     39.73891
0.69495     39.77381
0.69563     39.80870
0.69602     39.82661
0.69642     39.84451
0.69681     39.86242
0.69720     39.88032
0.69759     39.89823
0.69799     39.91613
0.69838     39.93403
0.69877     39.95194
0.69916     39.96984
0.69956     39.98775
0.69995     40.00565
0.69995     40.00565
