#     D        Lambda1      !Teff = 37500
-5e-05    46.481
0.00228     46.76171
0.00248     46.78677
0.00268     46.81183
0.00289     46.83689
0.00309     46.86195
0.00329     46.88701
0.00349     46.91207
0.00369     46.93713
0.00389     46.96219
0.00410     46.98725
0.00430     47.01231
0.00450     47.03737
0.00468     47.06364
0.00486     47.08991
0.00504     47.11618
0.00522     47.14245
0.00540     47.16872
0.00558     47.19500
0.00576     47.22127
0.00594     47.24754
0.00612     47.27381
0.00630     47.30008
0.00648     47.32635
0.00666     47.35306
0.00684     47.37977
0.00702     47.40647
0.00719     47.43318
0.00737     47.45989
0.00755     47.48660
0.00773     47.51330
0.00790     47.54001
0.00808     47.56672
0.00826     47.59343
0.00843     47.62014
0.00863     47.64750
0.00882     47.67486
0.00902     47.70222
0.00921     47.72958
0.00941     47.75694
0.00960     47.78430
0.00980     47.81166
0.00999     47.83902
0.01019     47.86638
0.01038     47.89374
0.01058     47.92110
0.01078     47.94859
0.01098     47.97609
0.01118     48.00358
0.01138     48.03108
0.01158     48.05857
0.01178     48.08607
0.01198     48.11357
0.01218     48.14106
0.01238     48.16855
0.01258     48.19605
0.01279     48.22355
0.01298     48.25219
0.01317     48.28083
0.01336     48.30948
0.01355     48.33812
0.01374     48.36677
0.01393     48.39541
0.01412     48.42405
0.01431     48.45270
0.01450     48.48134
0.01469     48.50999
0.01488     48.53863
0.01506     48.56755
0.01524     48.59647
0.01542     48.62540
0.01560     48.65432
0.01578     48.68324
0.01597     48.71216
0.01615     48.74108
0.01633     48.77000
0.01651     48.79893
0.01669     48.82785
0.01687     48.85677
0.01705     48.88570
0.01723     48.91464
0.01741     48.94357
0.01759     48.97251
0.01777     49.00144
0.01795     49.03038
0.01813     49.05931
0.01831     49.08825
0.01849     49.11718
0.01867     49.14612
0.01885     49.17505
0.01903     49.20481
0.01920     49.23457
0.01938     49.26433
0.01955     49.29409
0.01973     49.32385
0.01990     49.35361
0.02008     49.38337
0.02025     49.41313
0.02043     49.44289
0.02060     49.47265
0.02078     49.50241
0.02095     49.53415
0.02112     49.56590
0.02130     49.59764
0.02147     49.62938
0.02164     49.66113
0.02181     49.69287
0.02198     49.72462
0.02215     49.75636
0.02233     49.78810
0.02250     49.81985
0.02267     49.85159
0.02284     49.88333
0.02301     49.91507
0.02318     49.94682
0.02335     49.97856
0.02352     50.01030
0.02370     50.04204
0.02387     50.07378
0.02404     50.10552
0.02421     50.13727
0.02438     50.16901
0.02455     50.20075
0.02474     50.23309
0.02492     50.26542
0.02511     50.29776
0.02530     50.33010
0.02548     50.36244
0.02567     50.39477
0.02585     50.42711
0.02604     50.45945
0.02623     50.49179
0.02641     50.52412
0.02660     50.55646
0.02680     50.59263
0.02700     50.62880
0.02720     50.66497
0.02740     50.70113
0.02760     50.73730
0.02780     50.77347
0.02800     50.80964
0.02820     50.84581
0.02840     50.88198
0.02860     50.91815
0.02880     50.95432
0.02899     50.99053
0.02919     51.02674
0.02938     51.06295
0.02958     51.09917
0.02977     51.13538
0.02996     51.17159
0.03016     51.20780
0.03035     51.24402
0.03055     51.28023
0.03074     51.31644
0.03094     51.35265
0.03113     51.38885
0.03133     51.42504
0.03153     51.46123
0.03172     51.49742
0.03192     51.53361
0.03212     51.56980
0.03231     51.60599
0.03251     51.64218
0.03271     51.67837
0.03290     51.71456
0.03310     51.75075
0.03330     51.78797
0.03351     51.82519
0.03371     51.86240
0.03392     51.89962
0.03412     51.93684
0.03433     51.97406
0.03453     52.01127
0.03474     52.04849
0.03494     52.08571
0.03515     52.12293
0.03535     52.16014
0.03551     52.19750
0.03566     52.23485
0.03582     52.27220
0.03598     52.30956
0.03614     52.34691
0.03629     52.38426
0.03645     52.42162
0.03661     52.45897
0.03677     52.49632
0.03692     52.53368
0.03708     52.57103
0.03715     52.60826
0.03721     52.64549
0.03728     52.68273
0.03735     52.71996
0.03741     52.75719
0.03748     52.79442
0.03755     52.83166
0.03761     52.86889
0.03768     52.90612
0.03775     52.94335
0.03782     52.98059
0.03788     53.01776
0.03795     53.05493
0.03802     53.09211
0.03808     53.12928
0.03815     53.16646
0.03822     53.20363
0.03829     53.24081
0.03835     53.27798
0.03842     53.31516
0.03849     53.35233
0.03855     53.38950
0.03862     53.42654
0.03868     53.46357
0.03874     53.50060
0.03880     53.53764
0.03886     53.57467
0.03893     53.61170
0.03899     53.64873
0.03905     53.68577
0.03911     53.72280
0.03917     53.75983
0.03924     53.79686
0.03929     53.83451
0.03934     53.87216
0.03939     53.90982
0.03945     53.94747
0.03950     53.98512
0.03955     54.02276
0.03960     54.06041
0.03966     54.09806
0.03971     54.13572
0.03976     54.17337
0.03981     54.21102
0.03987     54.24887
0.03992     54.28672
0.03998     54.32458
0.04003     54.36243
0.04009     54.40029
0.04014     54.43814
0.04020     54.47600
0.04025     54.51385
0.04031     54.55171
0.04036     54.58956
0.04041     54.62741
0.04047     54.66507
0.04053     54.70272
0.04059     54.74037
0.04065     54.77803
0.04070     54.81568
0.04076     54.85333
0.04082     54.89099
0.04088     54.92864
0.04093     54.96629
0.04099     55.00395
0.04105     55.04160
0.04117     55.07602
0.04129     55.11045
0.04141     55.14487
0.04153     55.17930
0.04165     55.21372
0.04176     55.24814
0.04188     55.28257
0.04200     55.31699
0.04212     55.35142
0.04224     55.38584
0.04236     55.42027
0.04248     55.45375
0.04261     55.48723
0.04273     55.52072
0.04286     55.55420
0.04298     55.58768
0.04311     55.62117
0.04323     55.65465
0.04336     55.68813
0.04348     55.72162
0.04361     55.75510
0.04373     55.78859
0.04386     55.82477
0.04399     55.86095
0.04412     55.89713
0.04424     55.93332
0.04437     55.96950
0.04450     56.00568
0.04463     56.04187
0.04475     56.07805
0.04488     56.11423
0.04501     56.15042
0.04513     56.18660
0.04521     56.22220
0.04529     56.25780
0.04536     56.29340
0.04544     56.32900
0.04551     56.36460
0.04559     56.40020
0.04566     56.43580
0.04574     56.47140
0.04581     56.50700
0.04589     56.54260
0.04596     56.57820
0.04604     56.61378
0.04612     56.64936
0.04619     56.68495
0.04627     56.72053
0.04634     56.75611
0.04642     56.79169
0.04650     56.82727
0.04657     56.86285
0.04665     56.89844
0.04672     56.93402
0.04680     56.96960
0.04687     57.00575
0.04693     57.04190
0.04700     57.07805
0.04707     57.11420
0.04713     57.15035
0.04720     57.18650
0.04727     57.22265
0.04733     57.25880
0.04740     57.29495
0.04747     57.33110
0.04754     57.36725
0.04756     57.40427
0.04758     57.44129
0.04760     57.47830
0.04763     57.51532
0.04765     57.55234
0.04767     57.58936
0.04769     57.62638
0.04772     57.66340
0.04774     57.70041
0.04776     57.73743
0.04779     57.77445
0.04777     57.81367
0.04776     57.85289
0.04774     57.89210
0.04773     57.93132
0.04771     57.97054
0.04770     58.00976
0.04769     58.04897
0.04767     58.08819
0.04766     58.12741
0.04764     58.16663
0.04763     58.20584
0.04762     58.24473
0.04762     58.28362
0.04761     58.32251
0.04760     58.36139
0.04760     58.40028
0.04759     58.43917
0.04758     58.47805
0.04758     58.51694
0.04757     58.55583
0.04756     58.59471
0.04756     58.63360
0.04757     58.67162
0.04757     58.70963
0.04759     58.74764
0.04759     58.78566
0.04761     58.82368
0.04761     58.86169
0.04763     58.89971
0.04763     58.93772
0.04764     58.97574
0.04765     59.01375
0.04766     59.05177
0.04767     59.08971
0.04767     59.12766
0.04767     59.16561
0.04767     59.20356
0.04768     59.24151
0.04768     59.27946
0.04768     59.31741
0.04768     59.35535
0.04769     59.39330
0.04769     59.43125
0.04769     59.46920
0.04768     59.50617
0.04768     59.54314
0.04767     59.58011
0.04766     59.61707
0.04765     59.65404
0.04765     59.69101
0.04764     59.72798
0.04763     59.76495
0.04762     59.80192
0.04762     59.83889
0.04761     59.87586
0.04761     59.91278
0.04761     59.94970
0.04760     59.98662
0.04760     60.02354
0.04760     60.06047
0.04760     60.09739
0.04759     60.13431
0.04759     60.17123
0.04759     60.20816
0.04759     60.24508
0.04759     60.28200
0.04758     60.31893
0.04758     60.35585
0.04758     60.39278
0.04757     60.42971
0.04757     60.46664
0.04757     60.50356
0.04757     60.54049
0.04756     60.57742
0.04756     60.61435
0.04756     60.65127
0.04756     60.68820
0.04752     60.72505
0.04748     60.76189
0.04743     60.79874
0.04739     60.83558
0.04736     60.87242
0.04732     60.90927
0.04728     60.94612
0.04724     60.98296
0.04720     61.01981
0.04716     61.05665
0.04712     61.09350
0.04704     61.13018
0.04697     61.16687
0.04689     61.20356
0.04682     61.24024
0.04674     61.27693
0.04667     61.31362
0.04660     61.35031
0.04652     61.38699
0.04645     61.42368
0.04637     61.46037
0.04630     61.49706
0.04623     61.53374
0.04615     61.57043
0.04608     61.60711
0.04600     61.64380
0.04593     61.68048
0.04586     61.71717
0.04578     61.75386
0.04571     61.79054
0.04563     61.82723
0.04556     61.86391
0.04548     61.90060
0.04542     61.93685
0.04536     61.97309
0.04530     62.00934
0.04524     62.04558
0.04517     62.08183
0.04511     62.11807
0.04505     62.15432
0.04499     62.19056
0.04492     62.22680
0.04486     62.26305
0.04480     62.29930
0.04475     62.33502
0.04470     62.37074
0.04465     62.40647
0.04459     62.44219
0.04454     62.47791
0.04449     62.51364
0.04444     62.54936
0.04439     62.58508
0.04434     62.62081
0.04429     62.65653
0.04423     62.69226
0.04419     62.72665
0.04414     62.76105
0.04410     62.79545
0.04405     62.82985
0.04401     62.86425
0.04396     62.89865
0.04392     62.93305
0.04387     62.96745
0.04383     63.00185
0.04378     63.03625
0.04373     63.07065
0.04371     63.10574
0.04369     63.14083
0.04367     63.17592
0.04365     63.21101
0.04363     63.24610
0.04361     63.28119
0.04359     63.31628
0.04356     63.35137
0.04354     63.38646
0.04352     63.42155
0.04350     63.45665
0.04348     63.49168
0.04346     63.52671
0.04344     63.56174
0.04341     63.59678
0.04339     63.63181
0.04337     63.66684
0.04335     63.70187
0.04333     63.73691
0.04331     63.77194
0.04329     63.80697
0.04326     63.84201
0.04324     63.87704
0.04322     63.91207
0.04320     63.94710
0.04318     63.98213
0.04316     64.01716
0.04314     64.05219
0.04312     64.08722
0.04310     64.12226
0.04308     64.15729
0.04306     64.19232
0.04304     64.22735
0.04302     64.26154
0.04300     64.29574
0.04298     64.32993
0.04296     64.36412
0.04294     64.39832
0.04292     64.43251
0.04290     64.46671
0.04288     64.50090
0.04286     64.53509
0.04284     64.56929
0.04282     64.60348
0.04280     64.63756
0.04278     64.67164
0.04276     64.70571
0.04274     64.73979
0.04272     64.77387
0.04271     64.80795
0.04269     64.84203
0.04267     64.87611
0.04265     64.91018
0.04263     64.94426
0.04262     64.97834
0.04262     65.02053
0.04262     65.06272
0.04262     65.10491
0.04262     65.14711
0.04263     65.18930
0.04263     65.23149
0.04263     65.27368
0.04263     65.31587
0.04264     65.35806
0.04264     65.40025
0.04264     65.44245
0.04265     65.48342
0.04266     65.52439
0.04267     65.56537
0.04268     65.60634
0.04269     65.64731
0.04270     65.68829
0.04271     65.72926
0.04272     65.77023
0.04273     65.81121
0.04274     65.85218
0.04275     65.89316
0.04276     65.93413
0.04277     65.97511
0.04278     66.01608
0.04279     66.05706
0.04280     66.09803
0.04281     66.13901
0.04282     66.17998
0.04283     66.22096
0.04284     66.26193
0.04285     66.30291
0.04287     66.34389
0.04286     66.37983
0.04285     66.41577
0.04285     66.45172
0.04284     66.48766
0.04284     66.52360
0.04283     66.55955
0.04282     66.59549
0.04282     66.63143
0.04281     66.66738
0.04281     66.70332
0.04280     66.73926
0.04280     66.77515
0.04280     66.81103
0.04280     66.84691
0.04280     66.88280
0.04280     66.91868
0.04280     66.95456
0.04280     66.99045
0.04280     67.02633
0.04280     67.06221
0.04280     67.09810
0.04280     67.13398
0.04280     67.16986
0.04280     67.20575
0.04280     67.24163
0.04280     67.27752
0.04280     67.31340
0.04280     67.34928
0.04280     67.38517
0.04280     67.42105
0.04280     67.45694
0.04280     67.49282
0.04280     67.52870
0.04280     67.56459
0.04280     67.60047
0.04280     67.63635
0.04280     67.67224
0.04280     67.70812
0.04280     67.74400
0.04280     67.77988
0.04280     67.81577
0.04280     67.85165
0.04280     67.88753
0.04280     67.92342
0.04280     67.95930
0.04280     67.99518
0.04280     68.03106
0.04280     68.06695
0.04280     68.10283
0.04280     68.13871
0.04280     68.17460
0.04280     68.21048
0.04280     68.24636
0.04280     68.28225
0.04280     68.31813
0.04280     68.35401
0.04280     68.38990
0.04280     68.42578
0.04280     68.46167
0.04280     68.49755
0.04280     68.53343
0.04280     68.56932
0.04280     68.60520
0.04280     68.64109
0.04280     68.67697
0.04280     68.71286
0.04280     68.74874
0.04280     68.78462
0.04280     68.82050
0.04280     68.85639
0.04280     68.89227
0.04280     68.92815
0.04280     68.96403
0.04280     68.99992
0.04280     69.03580
0.04280     69.07168
0.04280     69.10757
0.04280     69.14345
0.04280     69.17933
0.04280     69.21521
0.04280     69.25110
0.04280     69.28698
0.04280     69.32286
0.04280     69.35875
0.04280     69.39463
0.04280     69.43051
0.04280     69.46640
0.04280     69.50228
0.04280     69.53816
0.04280     69.57405
0.04280     69.60993
0.04280     69.64582
0.04280     69.68170
0.04280     69.71758
0.04280     69.75347
0.04280     69.78935
0.04280     69.82524
0.04280     69.86112
0.04280     69.89700
0.04281     69.93257
0.04282     69.96813
0.04284     70.00370
0.04285     70.03926
0.04286     70.07483
0.04287     70.11039
0.04289     70.14596
0.04290     70.18152
0.04291     70.21709
0.04292     70.25265
0.04294     70.28822
0.04292     70.32656
0.04291     70.36491
0.04290     70.40326
0.04289     70.44161
0.04288     70.47996
0.04287     70.51830
0.04286     70.55665
0.04284     70.59500
0.04283     70.63335
0.04282     70.67170
0.04281     70.71005
0.04276     70.74880
0.04272     70.78755
0.04267     70.82630
0.04262     70.86505
0.04258     70.90380
0.04253     70.94255
0.04249     70.98130
0.04244     71.02005
0.04239     71.05880
0.04235     71.09755
0.04230     71.13630
0.04225     71.17547
0.04220     71.21464
0.04215     71.25382
0.04210     71.29299
0.04205     71.33216
0.04200     71.37133
0.04195     71.41051
0.04190     71.44968
0.04185     71.48885
0.04180     71.52802
0.04176     71.56719
0.04170     71.60635
0.04163     71.64550
0.04158     71.68465
0.04151     71.72380
0.04145     71.76295
0.04139     71.80210
0.04133     71.84125
0.04127     71.88041
0.04121     71.91956
0.04115     71.95871
0.04109     71.99786
0.04105     72.03475
0.04100     72.07164
0.04095     72.10852
0.04090     72.14541
0.04085     72.18230
0.04080     72.21919
0.04075     72.25608
0.04070     72.29297
0.04065     72.32985
0.04060     72.36674
0.04055     72.40363
0.04052     72.44444
0.04049     72.48525
0.04045     72.52606
0.04041     72.56687
0.04038     72.60768
0.04035     72.64849
0.04031     72.68930
0.04028     72.73011
0.04024     72.77092
0.04021     72.81173
0.04017     72.85255
0.04015     72.88633
0.04013     72.92012
0.04011     72.95391
0.04008     72.98770
0.04006     73.02149
0.04004     73.05527
0.04002     73.08906
0.04000     73.12285
0.03998     73.15664
0.03996     73.19043
0.03993     73.22422
0.03990     73.26303
0.03988     73.30184
0.03984     73.34065
0.03981     73.37946
0.03979     73.41828
0.03975     73.45709
0.03973     73.49590
0.03970     73.53471
0.03966     73.57353
0.03964     73.61234
0.03961     73.65115
0.03956     73.68725
0.03951     73.72334
0.03947     73.75944
0.03942     73.79553
0.03937     73.83163
0.03933     73.86773
0.03928     73.90382
0.03923     73.93992
0.03919     73.97601
0.03914     74.01211
0.03909     74.04820
0.03905     74.08800
0.03900     74.12779
0.03895     74.16759
0.03890     74.20738
0.03885     74.24718
0.03880     74.28697
0.03875     74.32677
0.03870     74.36656
0.03865     74.40636
0.03860     74.44615
0.03856     74.48594
0.03850     74.52545
0.03845     74.56495
0.03840     74.60446
0.03835     74.64396
0.03830     74.68347
0.03825     74.72297
0.03820     74.76248
0.03815     74.80199
0.03810     74.84149
0.03805     74.88099
0.03800     74.92050
0.03795     74.95599
0.03789     74.99148
0.03784     75.02697
0.03778     75.06246
0.03773     75.09795
0.03767     75.13345
0.03762     75.16894
0.03756     75.20443
0.03751     75.23992
0.03745     75.27541
0.03740     75.31090
0.03734     75.34489
0.03727     75.37887
0.03721     75.41286
0.03714     75.44685
0.03708     75.48083
0.03702     75.51482
0.03695     75.54880
0.03689     75.58279
0.03682     75.61678
0.03676     75.65076
0.03670     75.68475
0.03663     75.71910
0.03657     75.75344
0.03651     75.78779
0.03644     75.82214
0.03638     75.85649
0.03632     75.89083
0.03626     75.92518
0.03619     75.95953
0.03613     75.99388
0.03607     76.02822
0.03600     76.06257
0.03597     76.09800
0.03593     76.13342
0.03589     76.16885
0.03586     76.20427
0.03582     76.23970
0.03578     76.27512
0.03575     76.31055
0.03571     76.34597
0.03567     76.38140
0.03564     76.41682
0.03560     76.45225
0.03561     76.48796
0.03563     76.52368
0.03564     76.55939
0.03565     76.59510
0.03567     76.63082
0.03568     76.66653
0.03570     76.70224
0.03571     76.73796
0.03572     76.77367
0.03574     76.80938
0.03575     76.84509
0.03576     76.88081
0.03578     76.91652
0.03579     76.95224
0.03580     76.98795
0.03582     77.02367
0.03583     77.05938
0.03585     77.09510
0.03586     77.13081
0.03587     77.16653
0.03589     77.20224
0.03590     77.23795
0.03591     77.27367
0.03593     77.30938
0.03594     77.34509
0.03595     77.38081
0.03597     77.41652
0.03598     77.45223
0.03600     77.48795
0.03601     77.52366
0.03602     77.55937
0.03604     77.59509
0.03605     77.63080
0.03606     77.66651
0.03608     77.70223
0.03609     77.73794
0.03610     77.77365
0.03612     77.80937
0.03613     77.84508
0.03615     77.88079
0.03616     77.91651
0.03617     77.95222
0.03619     77.98793
0.03620     78.02365
0.03621     78.05936
0.03623     78.09507
0.03624     78.13079
0.03625     78.16650
0.03627     78.20222
0.03628     78.23793
0.03630     78.27365
0.03631     78.30936
0.03632     78.34508
0.03634     78.38079
0.03635     78.41651
0.03636     78.45222
0.03638     78.48793
0.03639     78.52364
0.03640     78.55936
0.03642     78.59507
0.03643     78.63078
0.03645     78.66650
0.03646     78.70221
0.03647     78.73792
0.03649     78.77364
0.03650     78.80935
0.03651     78.84506
0.03653     78.88078
0.03654     78.91649
0.03655     78.95220
0.03657     78.98792
0.03658     79.02363
0.03660     79.05934
0.03661     79.09506
0.03662     79.13077
0.03664     79.16648
0.03665     79.20219
0.03666     79.23791
0.03668     79.27362
0.03669     79.30934
0.03670     79.34505
0.03672     79.38077
0.03673     79.41648
0.03675     79.45220
0.03676     79.48791
0.03677     79.52363
0.03679     79.55934
0.03680     79.59506
0.03681     79.63077
0.03683     79.66648
0.03684     79.70219
0.03685     79.73791
0.03687     79.77362
0.03688     79.80933
0.03690     79.84505
0.03691     79.88076
0.03692     79.91647
0.03694     79.95219
0.03695     79.98790
0.03696     80.02361
0.03698     80.05933
0.03699     80.09504
0.03700     80.13075
0.03702     80.16647
0.03703     80.20218
0.03705     80.23789
0.03706     80.27361
0.03707     80.30932
0.03709     80.34503
0.03710     80.38075
0.03711     80.41646
0.03713     80.45217
0.03714     80.48789
0.03715     80.52360
0.03717     80.55932
0.03718     80.59503
0.03720     80.63075
0.03721     80.66646
0.03722     80.70218
0.03724     80.73789
0.03725     80.77361
0.03726     80.80932
0.03728     80.84503
0.03729     80.88074
0.03730     80.91646
0.03732     80.95217
0.03733     80.98788
0.03735     81.02360
0.03736     81.05931
0.03737     81.09502
0.03739     81.13074
0.03740     81.16645
0.03741     81.20216
0.03743     81.23788
0.03744     81.27359
0.03745     81.30930
0.03747     81.34502
0.03748     81.38073
0.03750     81.41644
0.03751     81.45216
0.03752     81.48787
0.03754     81.52358
0.03755     81.55929
0.03756     81.59501
0.03758     81.63072
0.03759     81.66644
0.03760     81.70215
0.03762     81.73787
0.03763     81.77358
0.03765     81.80930
0.03766     81.84501
0.03767     81.88073
0.03769     81.91644
0.03770     81.95216
0.03771     81.98787
0.03773     82.02358
0.03774     82.05929
0.03775     82.09501
0.03777     82.13072
0.03778     82.16643
0.03780     82.20215
0.03781     82.23786
0.03782     82.27357
0.03784     82.30929
0.03785     82.34500
0.03786     82.38071
0.03788     82.41643
0.03789     82.45214
0.03790     82.48785
0.03792     82.52357
0.03793     82.55928
0.03795     82.59499
0.03796     82.63071
0.03797     82.66642
0.03799     82.70213
0.03800     82.73785
0.03801     82.77356
0.03803     82.80927
0.03804     82.84499
0.03805     82.88070
0.03807     82.91642
0.03808     82.95213
0.03810     82.98785
0.03811     83.02356
0.03812     83.05928
0.03814     83.09499
0.03815     83.13071
0.03816     83.16642
0.03818     83.20213
0.03819     83.23784
0.03820     83.27356
0.03822     83.30927
0.03823     83.34498
0.03825     83.38070
0.03826     83.41641
0.03827     83.45212
0.03829     83.48784
0.03830     83.52355
0.03831     83.55927
0.03833     83.59499
0.03834     83.63070
0.03835     83.66642
0.03837     83.70214
0.03838     83.73786
0.03840     83.77357
0.03841     83.80929
0.03842     83.84501
0.03844     83.88073
0.03845     83.91644
0.03846     83.96083
0.03848     84.00521
0.03849     84.04959
0.03850     84.09397
0.03852     84.13835
0.03853     84.18273
0.03855     84.22711
0.03856     84.27149
0.03857     84.31587
0.03859     84.36025
0.03860     84.40463
0.03861     84.44931
0.03863     84.49398
0.03864     84.53866
0.03865     84.58333
0.03867     84.62801
0.03868     84.67268
0.03870     84.71735
0.03871     84.76203
0.03872     84.80670
0.03874     84.85138
0.03875     84.89605
0.03875     84.91338
0.03876     84.93071
0.03876     84.94805
0.03877     84.96538
0.03877     84.98271
0.03878     85.00004
0.03878     85.01737
0.03879     85.03470
0.03879     85.05204
0.03880     85.06937
0.03880     85.08670
0.03880     85.08670
