#     D        Lambda1      !Teff = 9250
0.15785    -10.00415
0.15934      -9.9589
0.16084      -9.9129
0.16234      -9.866900000000001
0.16384      -9.820900000000002
0.16534000000000001      -9.774900000000002
0.16684000000000002      -9.728900000000003
0.16841     -9.54235
0.16936     -9.50108
0.17032     -9.45982
0.17128     -9.41856
0.17224     -9.37729
0.17320     -9.33603
0.17415     -9.29477
0.17511     -9.25351
0.17607     -9.21224
0.17703     -9.17098
0.17799     -9.12972
0.17895     -9.08845
0.17990     -9.04719
0.18086     -9.00593
0.18182     -8.96466
0.18278     -8.92340
0.18374     -8.88213
0.18470     -8.84087
0.18566     -8.79961
0.18662     -8.75834
0.18758     -8.71708
0.18854     -8.67581
0.18950     -8.63455
0.19046     -8.59328
0.19142     -8.55201
0.19238     -8.51075
0.19334     -8.46948
0.19430     -8.42821
0.19526     -8.38694
0.19622     -8.34567
0.19718     -8.30440
0.19814     -8.26314
0.19910     -8.22187
0.20005     -8.18060
0.20101     -8.13933
0.20197     -8.09806
0.20293     -8.05680
0.20389     -8.01553
0.20485     -7.97426
0.20580     -7.93299
0.20676     -7.89172
0.20772     -7.85045
0.20868     -7.80919
0.20964     -7.76792
0.21060     -7.72665
0.21155     -7.68538
0.21251     -7.64411
0.21347     -7.60285
0.21443     -7.56158
0.21539     -7.52031
0.21635     -7.47904
0.21731     -7.43777
0.21827     -7.39650
0.21923     -7.35524
0.22019     -7.31397
0.22115     -7.27270
0.22211     -7.23144
0.22307     -7.19017
0.22403     -7.14891
0.22499     -7.10764
0.22595     -7.06638
0.22691     -7.02512
0.22787     -6.98385
0.22883     -6.94259
0.22979     -6.90132
0.23075     -6.86006
0.23170     -6.81879
0.23266     -6.77753
0.23362     -6.73627
0.23458     -6.69501
0.23554     -6.65374
0.23650     -6.61248
0.23745     -6.57122
0.23841     -6.52996
0.23937     -6.48869
0.24033     -6.44743
0.24129     -6.40617
0.24224     -6.36491
0.24320     -6.32364
0.24416     -6.28238
0.24512     -6.24111
0.24608     -6.19985
0.24704     -6.15858
0.24800     -6.11732
0.24896     -6.07606
0.24992     -6.03479
0.25088     -5.99353
0.25184     -5.95226
0.25280     -5.91100
0.25375     -5.86882
0.25470     -5.82665
0.25566     -5.78447
0.25661     -5.74230
0.25756     -5.70012
0.25851     -5.65794
0.25946     -5.61577
0.26041     -5.57359
0.26137     -5.53142
0.26232     -5.48924
0.26327     -5.44706
0.26420     -5.40180
0.26513     -5.35653
0.26605     -5.31127
0.26698     -5.26600
0.26791     -5.22074
0.26884     -5.17547
0.26977     -5.13020
0.27070     -5.08494
0.27162     -5.03967
0.27255     -4.99441
0.27348     -4.94914
0.27442     -4.90580
0.27537     -4.86246
0.27631     -4.81912
0.27725     -4.77578
0.27819     -4.73244
0.27914     -4.68910
0.28008     -4.64576
0.28102     -4.60242
0.28196     -4.55908
0.28291     -4.51574
0.28385     -4.47240
0.28477     -4.42631
0.28570     -4.38023
0.28662     -4.33414
0.28754     -4.28805
0.28847     -4.24197
0.28939     -4.19588
0.29031     -4.14979
0.29124     -4.10371
0.29216     -4.05762
0.29308     -4.01153
0.29400     -3.96545
0.29487     -3.90957
0.29574     -3.85369
0.29660     -3.79781
0.29747     -3.74194
0.29833     -3.68606
0.29920     -3.63018
0.30007     -3.57430
0.30093     -3.51843
0.30180     -3.46255
0.30266     -3.40667
0.30353     -3.35080
0.30430     -3.28112
0.30508     -3.21145
0.30585     -3.14178
0.30662     -3.07211
0.30740     -3.00243
0.30817     -2.93276
0.30895     -2.86309
0.30972     -2.79342
0.31049     -2.72374
0.31127     -2.65407
0.31204     -2.58440
0.31290     -2.52703
0.31375     -2.46966
0.31461     -2.41230
0.31547     -2.35493
0.31632     -2.29756
0.31718     -2.24019
0.31803     -2.18283
0.31889     -2.12546
0.31975     -2.06809
0.32060     -2.01072
0.32146     -1.95336
0.32215     -1.87612
0.32285     -1.79889
0.32354     -1.72166
0.32424     -1.64443
0.32493     -1.56719
0.32562     -1.48996
0.32632     -1.41273
0.32701     -1.33550
0.32771     -1.25826
0.32840     -1.18103
0.32909     -1.10380
0.32971     -1.01897
0.33032     -0.93414
0.33093     -0.84931
0.33154     -0.76449
0.33215     -0.67966
0.33276     -0.59483
0.33337     -0.51000
0.33398     -0.42517
0.33459     -0.34034
0.33520     -0.25551
0.33581     -0.17068
0.33641     -0.08563
0.33701     -0.00057
0.33761     0.08449
0.33821     0.16954
0.33881     0.25460
0.33942     0.33966
0.34002     0.42471
0.34062     0.50977
0.34122     0.59483
0.34182     0.67988
0.34242     0.76494
0.34305     0.84698
0.34368     0.92902
0.34431     1.01105
0.34494     1.09309
0.34557     1.17513
0.34620     1.25717
0.34683     1.33920
0.34746     1.42124
0.34809     1.50328
0.34872     1.58532
0.34935     1.66735
0.34998     1.74901
0.35061     1.83066
0.35124     1.91231
0.35187     1.99396
0.35250     2.07562
0.35313     2.15727
0.35376     2.23892
0.35440     2.32057
0.35503     2.40223
0.35566     2.48388
0.35629     2.56553
0.35693     2.64642
0.35757     2.72730
0.35821     2.80819
0.35885     2.88908
0.35949     2.96996
0.36013     3.05085
0.36077     3.13174
0.36141     3.21262
0.36205     3.29351
0.36269     3.37440
0.36333     3.45528
0.36396     3.53754
0.36459     3.61980
0.36521     3.70206
0.36584     3.78431
0.36646     3.86657
0.36709     3.94883
0.36771     4.03109
0.36834     4.11334
0.36896     4.19560
0.36959     4.27786
0.37021     4.36012
0.37081     4.44424
0.37141     4.52837
0.37201     4.61249
0.37261     4.69662
0.37321     4.78074
0.37381     4.86487
0.37441     4.94900
0.37501     5.03312
0.37561     5.11725
0.37621     5.20137
0.37681     5.28550
0.37748     5.36333
0.37815     5.44117
0.37883     5.51900
0.37950     5.59683
0.38018     5.67467
0.38085     5.75250
0.38152     5.83033
0.38220     5.90817
0.38287     5.98600
0.38355     6.06383
0.38422     6.14166
0.38495     6.21544
0.38567     6.28922
0.38640     6.36299
0.38712     6.43677
0.38785     6.51054
0.38857     6.58432
0.38930     6.65810
0.39002     6.73187
0.39075     6.80565
0.39147     6.87942
0.39220     6.95320
0.39291     7.02713
0.39363     7.10105
0.39435     7.17498
0.39507     7.24891
0.39579     7.32283
0.39651     7.39676
0.39723     7.47069
0.39795     7.54461
0.39867     7.61854
0.39939     7.69247
0.40011     7.76640
0.40080     7.84340
0.40149     7.92040
0.40218     7.99740
0.40287     8.07440
0.40356     8.15140
0.40425     8.22840
0.40494     8.30540
0.40563     8.38240
0.40632     8.45940
0.40701     8.53640
0.40770     8.61341
0.40835     8.69306
0.40901     8.77272
0.40967     8.85237
0.41033     8.93203
0.41099     9.01168
0.41164     9.09134
0.41230     9.17099
0.41296     9.25065
0.41362     9.33030
0.41428     9.40996
0.41494     9.48962
0.41562     9.56727
0.41630     9.64492
0.41698     9.72257
0.41767     9.80023
0.41835     9.87788
0.41903     9.95553
0.41972     10.03319
0.42040     10.11084
0.42108     10.18849
0.42177     10.26615
0.42245     10.34380
0.42315     10.42098
0.42384     10.49816
0.42454     10.57533
0.42523     10.65251
0.42593     10.72969
0.42663     10.80687
0.42732     10.88404
0.42802     10.96122
0.42871     11.03840
0.42941     11.11558
0.43011     11.19276
0.43078     11.27111
0.43146     11.34946
0.43214     11.42782
0.43282     11.50617
0.43350     11.58453
0.43418     11.66288
0.43486     11.74124
0.43553     11.81959
0.43621     11.89795
0.43689     11.97630
0.43757     12.05466
0.43823     12.13481
0.43890     12.21496
0.43956     12.29512
0.44023     12.37527
0.44089     12.45543
0.44156     12.53558
0.44222     12.61574
0.44289     12.69589
0.44355     12.77605
0.44422     12.85620
0.44488     12.93635
0.44547     13.02183
0.44605     13.10731
0.44664     13.19278
0.44723     13.27826
0.44781     13.36373
0.44840     13.44921
0.44898     13.53468
0.44957     13.62016
0.45016     13.70563
0.45074     13.79111
0.45133     13.87658
0.45191     13.96144
0.45250     14.04630
0.45308     14.13115
0.45367     14.21601
0.45425     14.30086
0.45483     14.38572
0.45542     14.47058
0.45600     14.55543
0.45659     14.64029
0.45717     14.72514
0.45775     14.81000
0.45835     14.89376
0.45895     14.97753
0.45955     15.06129
0.46015     15.14506
0.46075     15.22882
0.46135     15.31258
0.46195     15.39635
0.46255     15.48011
0.46315     15.56388
0.46375     15.64764
0.46435     15.73141
0.46494     15.81613
0.46553     15.90086
0.46611     15.98559
0.46670     16.07031
0.46728     16.15504
0.46787     16.23977
0.46845     16.32450
0.46904     16.40922
0.46962     16.49395
0.47021     16.57868
0.47080     16.66341
0.47135     16.75099
0.47190     16.83857
0.47245     16.92615
0.47300     17.01373
0.47355     17.10131
0.47410     17.18889
0.47465     17.27647
0.47520     17.36406
0.47575     17.45164
0.47630     17.53922
0.47686     17.62680
0.47734     17.71960
0.47783     17.81241
0.47831     17.90521
0.47880     17.99802
0.47928     18.09082
0.47977     18.18363
0.48026     18.27643
0.48074     18.36924
0.48123     18.46204
0.48171     18.55485
0.48220     18.64765
0.48262     18.74467
0.48304     18.84169
0.48346     18.93871
0.48388     19.03574
0.48430     19.13276
0.48472     19.22978
0.48514     19.32680
0.48556     19.42382
0.48598     19.52084
0.48640     19.61786
0.48682     19.71488
0.48733     19.80540
0.48785     19.89591
0.48837     19.98643
0.48888     20.07694
0.48940     20.16746
0.48992     20.25797
0.49043     20.34849
0.49095     20.43900
0.49147     20.52952
0.49198     20.62003
0.49250     20.71055
0.49306     20.79841
0.49362     20.88628
0.49418     20.97414
0.49474     21.06201
0.49530     21.14987
0.49586     21.23773
0.49642     21.32560
0.49698     21.41346
0.49754     21.50133
0.49810     21.58919
0.49865     21.67706
0.49922     21.76417
0.49979     21.85129
0.50036     21.93841
0.50093     22.02553
0.50150     22.11264
0.50207     22.19976
0.50264     22.28688
0.50321     22.37400
0.50378     22.46111
0.50435     22.54823
0.50492     22.63535
0.50549     22.72195
0.50606     22.80855
0.50663     22.89515
0.50721     22.98175
0.50778     23.06835
0.50835     23.15495
0.50893     23.24155
0.50950     23.32815
0.51007     23.41475
0.51065     23.50135
0.51122     23.58796
0.51171     23.67947
0.51221     23.77099
0.51270     23.86251
0.51320     23.95403
0.51369     24.04555
0.51418     24.13706
0.51468     24.22858
0.51517     24.32010
0.51567     24.41162
0.51616     24.50314
0.51665     24.59465
0.51719     24.68320
0.51773     24.77174
0.51826     24.86028
0.51880     24.94882
0.51933     25.03736
0.51987     25.12590
0.52041     25.21444
0.52094     25.30298
0.52148     25.39152
0.52201     25.48006
0.52255     25.56860
0.52310     25.65519
0.52365     25.74179
0.52420     25.82838
0.52475     25.91498
0.52530     26.00157
0.52586     26.08816
0.52641     26.17476
0.52696     26.26135
0.52751     26.34795
0.52806     26.43454
0.52861     26.52114
0.52914     26.60929
0.52968     26.69745
0.53021     26.78561
0.53075     26.87376
0.53128     26.96192
0.53182     27.05008
0.53235     27.13824
0.53289     27.22639
0.53342     27.31455
0.53396     27.40271
0.53449     27.49086
0.53506     27.57764
0.53564     27.66441
0.53621     27.75118
0.53679     27.83795
0.53736     27.92472
0.53793     28.01150
0.53851     28.09827
0.53908     28.18504
0.53966     28.27181
0.54023     28.35858
0.54080     28.44535
0.54129     28.53721
0.54178     28.62906
0.54226     28.72091
0.54274     28.81276
0.54323     28.90461
0.54371     28.99646
0.54420     29.08831
0.54468     29.18016
0.54517     29.27201
0.54566     29.36386
0.54614     29.45571
0.54650     29.55288
0.54686     29.65005
0.54722     29.74721
0.54758     29.84438
0.54794     29.94155
0.54830     30.03871
0.54866     30.13588
0.54902     30.23305
0.54938     30.33021
0.54974     30.42738
0.55011     30.52455
0.55037     30.62454
0.55063     30.72454
0.55089     30.82454
0.55115     30.92454
0.55142     31.02454
0.55168     31.12454
0.55194     31.22454
0.55220     31.32453
0.55247     31.42453
0.55273     31.52453
0.55299     31.62453
0.55305     31.72876
0.55311     31.83299
0.55316     31.93722
0.55322     32.04145
0.55328     32.14568
0.55334     32.24991
0.55340     32.35414
0.55346     32.45837
0.55351     32.56260
0.55357     32.66683
0.55363     32.77106
0.55361     32.87397
0.55359     32.97689
0.55357     33.07981
0.55355     33.18272
0.55353     33.28564
0.55350     33.38856
0.55348     33.49148
0.55346     33.59439
0.55344     33.69731
0.55342     33.80023
0.55340     33.90315
0.55337     34.00449
0.55334     34.10584
0.55331     34.20719
0.55328     34.30853
0.55325     34.40988
0.55322     34.51123
0.55319     34.61258
0.55316     34.71392
0.55313     34.81527
0.55310     34.91662
0.55307     35.01797
0.55306     35.12077
0.55305     35.22357
0.55305     35.32637
0.55304     35.42917
0.55304     35.53198
0.55303     35.63478
0.55302     35.73758
0.55302     35.84038
0.55301     35.94319
0.55301     36.04599
0.55300     36.14879
0.55292     36.26081
0.55284     36.37283
0.55277     36.48485
0.55269     36.59687
0.55261     36.70889
0.55253     36.82092
0.55246     36.93294
0.55238     37.04496
0.55230     37.15698
0.55222     37.26900
0.55215     37.38102
0.55206     37.48863
0.55198     37.59623
0.55190     37.70384
0.55182     37.81145
0.55174     37.91906
0.55165     38.02666
0.55157     38.13427
0.55149     38.24188
0.55141     38.34949
0.55133     38.45709
0.55124     38.56470
0.55116     38.66726
0.55107     38.76982
0.55099     38.87237
0.55090     38.97493
0.55082     39.07749
0.55073     39.18005
0.55064     39.28260
0.55056     39.38516
0.55047     39.48772
0.55039     39.59028
0.55030     39.69284
0.55034     39.79518
0.55037     39.89752
0.55041     39.99987
0.55044     40.10221
0.55048     40.20456
0.55051     40.30690
0.55054     40.40924
0.55058     40.51159
0.55061     40.61393
0.55065     40.71628
0.55068     40.81862
0.55068     40.92588
0.55067     41.03313
0.55066     41.14039
0.55065     41.24764
0.55064     41.35490
0.55063     41.46216
0.55062     41.56941
0.55061     41.67667
0.55060     41.78392
0.55059     41.89118
0.55058     41.99844
0.55056     42.10506
0.55053     42.21168
0.55051     42.31830
0.55048     42.42492
0.55046     42.53154
0.55044     42.63816
0.55041     42.74478
0.55039     42.85140
0.55036     42.95802
0.55034     43.06464
0.55031     43.17127
0.55027     43.27375
0.55022     43.37624
0.55017     43.47872
0.55013     43.58121
0.55008     43.68369
0.55003     43.78618
0.54998     43.88866
0.54994     43.99115
0.54989     44.09363
0.54984     44.19612
0.54980     44.29860
0.54970     44.40273
0.54960     44.50686
0.54951     44.61100
0.54941     44.71513
0.54931     44.81926
0.54922     44.92339
0.54912     45.02752
0.54902     45.13165
0.54893     45.23579
0.54883     45.33992
0.54873     45.44405
0.54867     45.54787
0.54860     45.65169
0.54854     45.75551
0.54847     45.85933
0.54841     45.96315
0.54834     46.06697
0.54828     46.17079
0.54821     46.27461
0.54815     46.37843
0.54808     46.48225
0.54802     46.58607
0.54798     46.70209
0.54794     46.81812
0.54790     46.93414
0.54786     47.05017
0.54783     47.16619
0.54779     47.28222
0.54775     47.39825
0.54771     47.51427
0.54768     47.63030
0.54764     47.74632
0.54760     47.86235
0.54753     47.96674
0.54746     48.07112
0.54739     48.17551
0.54732     48.27990
0.54725     48.38428
0.54719     48.48867
0.54712     48.59306
0.54705     48.69744
0.54698     48.80183
0.54691     48.90622
0.54684     49.01060
0.54672     49.11288
0.54661     49.21515
0.54649     49.31742
0.54638     49.41969
0.54626     49.52197
0.54614     49.62424
0.54603     49.72651
0.54591     49.82878
0.54580     49.93106
0.54568     50.03333
0.54557     50.13560
0.54533     50.23729
0.54509     50.33898
0.54485     50.44067
0.54461     50.54236
0.54437     50.64405
0.54414     50.74575
0.54390     50.84744
0.54366     50.94913
0.54342     51.05082
0.54318     51.15251
0.54295     51.25420
0.54271     51.35589
0.54247     51.45758
0.54223     51.55927
0.54200     51.66096
0.54176     51.76265
0.54152     51.86434
0.54129     51.96603
0.54105     52.06772
0.54081     52.16941
0.54058     52.27110
0.54034     52.37279
0.54010     52.47447
0.53986     52.57616
0.53962     52.67784
0.53939     52.77952
0.53915     52.88120
0.53891     52.98289
0.53867     53.08457
0.53843     53.18625
0.53819     53.28793
0.53795     53.38962
0.53771     53.49130
0.53748     53.59299
0.53724     53.69468
0.53700     53.79637
0.53676     53.89806
0.53652     53.99975
0.53629     54.10145
0.53605     54.20314
0.53581     54.30483
0.53557     54.40652
0.53533     54.50821
0.53509     54.60990
0.53486     54.71159
0.53462     54.81328
0.53438     54.91497
0.53415     55.01667
0.53391     55.11836
0.53367     55.22005
0.53344     55.32174
0.53320     55.42343
0.53296     55.52512
0.53273     55.62681
0.53249     55.72851
0.53225     55.83019
0.53201     55.93187
0.53177     56.03355
0.53154     56.13524
0.53130     56.23692
0.53106     56.33860
0.53082     56.44028
0.53058     56.54197
0.53034     56.64365
0.53010     56.74533
0.52987     56.84701
0.52963     56.94871
0.52939     57.05040
0.52915     57.15210
0.52891     57.25379
0.52867     57.35549
0.52844     57.45718
0.52820     57.55887
0.52796     57.66057
0.52772     57.76226
0.52748     57.86396
0.52724     57.96565
0.52701     58.06734
0.52677     58.16902
0.52653     58.27071
0.52630     58.37240
0.52606     58.47408
0.52582     58.57577
0.52559     58.67746
0.52535     58.77914
0.52511     58.88083
0.52488     58.98252
0.52464     59.08420
0.52441     59.18653
0.52418     59.28886
0.52396     59.39119
0.52373     59.49352
0.52350     59.59585
0.52327     59.69817
0.52305     59.80050
0.52282     59.90283
0.52259     60.00516
0.52236     60.10749
0.52213     60.20981
0.52196     60.31160
0.52178     60.41338
0.52161     60.51517
0.52143     60.61695
0.52126     60.71874
0.52108     60.82052
0.52091     60.92231
0.52073     61.02409
0.52056     61.12588
0.52038     61.22766
0.52020     61.32945
0.52005     61.43295
0.51989     61.53646
0.51973     61.63996
0.51957     61.74347
0.51941     61.84697
0.51926     61.95048
0.51910     62.05398
0.51894     62.15749
0.51878     62.26099
0.51862     62.36449
0.51846     62.46800
0.51831     62.57052
0.51816     62.67304
0.51800     62.77556
0.51785     62.87808
0.51769     62.98060
0.51754     63.08312
0.51738     63.18564
0.51723     63.28816
0.51707     63.39068
0.51692     63.49320
0.51676     63.59571
0.51656     63.69632
0.51636     63.79692
0.51616     63.89753
0.51596     63.99813
0.51576     64.09873
0.51556     64.19934
0.51536     64.29994
0.51516     64.40054
0.51496     64.50115
0.51476     64.60175
0.51455     64.70236
0.51437     64.80445
0.51418     64.90655
0.51399     65.00864
0.51381     65.11074
0.51362     65.21283
0.51343     65.31493
0.51324     65.41702
0.51306     65.51911
0.51287     65.62121
0.51268     65.72330
0.51250     65.82540
0.51226     65.92695
0.51202     66.02850
0.51178     66.13004
0.51154     66.23159
0.51131     66.33314
0.51107     66.43469
0.51083     66.53624
0.51059     66.63779
0.51036     66.73933
0.51012     66.84088
0.50988     66.94243
0.50958     67.04215
0.50928     67.14188
0.50897     67.24160
0.50867     67.34133
0.50837     67.44105
0.50807     67.54078
0.50776     67.64050
0.50746     67.74023
0.50716     67.83995
0.50686     67.93968
0.50655     68.03940
0.50638     68.13958
0.50620     68.23976
0.50602     68.33993
0.50584     68.44011
0.50566     68.54029
0.50549     68.64047
0.50531     68.74064
0.50513     68.84082
0.50495     68.94100
0.50477     69.04118
0.50459     69.14136
0.50444     69.24366
0.50428     69.34596
0.50413     69.44826
0.50397     69.55056
0.50382     69.65287
0.50367     69.75517
0.50351     69.85747
0.50335     69.95977
0.50320     70.06208
0.50305     70.16438
0.50289     70.26668
0.50275     70.37020
0.50261     70.47371
0.50247     70.57723
0.50233     70.68074
0.50219     70.78426
0.50205     70.88777
0.50191     70.99129
0.50177     71.09480
0.50163     71.19832
0.50149     71.30183
0.50135     71.40535
0.50125     71.50856
0.50116     71.61177
0.50106     71.71498
0.50097     71.81818
0.50087     71.92139
0.50077     72.02460
0.50068     72.12781
0.50058     72.23102
0.50049     72.33423
0.50039     72.43744
0.50029     72.54064
0.50016     72.64453
0.50003     72.74841
0.49990     72.85229
0.49976     72.95617
0.49963     73.06006
0.49950     73.16394
0.49937     73.26782
0.49923     73.37170
0.49910     73.47559
0.49897     73.57947
0.49884     73.68335
0.49870     73.78933
0.49856     73.89530
0.49842     74.00128
0.49828     74.10726
0.49814     74.21324
0.49800     74.31921
0.49786     74.42519
0.49772     74.53117
0.49758     74.63715
0.49744     74.74312
0.49730     74.84910
0.49718     74.95159
0.49706     75.05408
0.49694     75.15657
0.49682     75.25906
0.49670     75.36155
0.49658     75.46405
0.49646     75.56654
0.49634     75.66903
0.49622     75.77152
0.49610     75.87401
0.49599     75.97650
0.49578     76.07783
0.49557     76.17915
0.49536     76.28048
0.49515     76.38181
0.49495     76.48314
0.49474     76.58446
0.49453     76.68579
0.49432     76.78712
0.49412     76.88845
0.49391     76.98977
0.49370     77.09110
0.49355     77.19554
0.49341     77.29999
0.49326     77.40443
0.49312     77.50888
0.49297     77.61332
0.49282     77.71777
0.49268     77.82221
0.49253     77.92666
0.49239     78.03110
0.49224     78.13555
0.49210     78.23999
0.49202     78.34511
0.49195     78.45022
0.49188     78.55534
0.49181     78.66045
0.49173     78.76557
0.49166     78.87068
0.49159     78.97579
0.49152     79.08091
0.49144     79.18602
0.49137     79.29114
0.49130     79.39625
0.49122     79.49701
0.49114     79.59777
0.49107     79.69852
0.49099     79.79928
0.49091     79.90004
0.49083     80.00080
0.49076     80.10155
0.49068     80.20231
0.49060     80.30307
0.49052     80.40383
0.49045     80.50458
0.49037     80.60534
0.49029     80.70610
0.49022     80.80686
0.49014     80.90761
0.49006     81.00837
0.48999     81.10913
0.48991     81.20989
0.48983     81.31064
0.48976     81.41140
0.48968     81.51216
0.48960     81.61292
0.48953     81.71367
0.48945     81.81443
0.48937     81.91519
0.48929     82.01595
0.48922     82.11670
0.48914     82.21746
0.48906     82.31822
0.48898     82.41898
0.48891     82.51973
0.48883     82.62049
0.48875     82.72125
0.48867     82.82201
0.48859     82.92277
0.48852     83.02352
0.48844     83.12428
0.48836     83.22504
0.48828     83.32580
0.48821     83.42655
0.48813     83.52731
0.48805     83.62807
0.48797     83.72883
0.48789     83.82958
0.48782     83.92917
0.48775     84.02875
0.48768     84.12833
0.48761     84.22792
0.48753     84.32750
0.48746     84.42708
0.48739     84.52667
0.48732     84.62625
0.48724     84.72583
0.48717     84.82542
0.48710     84.92500
0.48710     84.92500
