#     D        Lambda1     Mv = 0.75
0.60581     84.54001
0.60543     84.49696
0.60505     84.45392
0.60467     84.41087
0.60429     84.36782
0.60391     84.32477
0.60354     84.28173
0.60316     84.23868
0.60278     84.19563
0.60240     84.15258
0.60202     84.10954
0.60164     84.06649
0.60126     84.02344
0.60088     83.98039
0.60050     83.93734
0.60012     83.89429
0.59974     83.85124
0.59935     83.80820
0.59897     83.76515
0.59859     83.72210
0.59821     83.67905
0.59783     83.63600
0.59745     83.59295
0.59707     83.54990
0.59669     83.50686
0.59631     83.46381
0.59593     83.42076
0.59555     83.37771
0.59516     83.33467
0.59478     83.29162
0.59440     83.24857
0.59402     83.20552
0.59364     83.16248
0.59326     83.11943
0.59288     83.07639
0.59250     83.03334
0.59212     82.99030
0.59174     82.94725
0.59136     82.90421
0.59099     82.86116
0.59061     82.81812
0.59023     82.77507
0.58985     82.73203
0.58947     82.68898
0.58909     82.64594
0.58871     82.60289
0.58833     82.55984
0.58795     82.51679
0.58757     82.47374
0.58719     82.43069
0.58680     82.38765
0.58642     82.34460
0.58604     82.30155
0.58566     82.25850
0.58528     82.21545
0.58490     82.17240
0.58452     82.12935
0.58414     82.08630
0.58376     82.04325
0.58338     82.00020
0.58300     81.95715
0.58261     81.91411
0.58223     81.87106
0.58185     81.82801
0.58147     81.78496
0.58109     81.74191
0.58071     81.69886
0.58033     81.65581
0.57995     81.61277
0.57957     81.56972
0.57919     81.52667
0.57881     81.48362
0.57844     81.44058
0.57806     81.39753
0.57768     81.35448
0.57730     81.31143
0.57692     81.26839
0.57654     81.22534
0.57616     81.18229
0.57578     81.13924
0.57540     81.09619
0.57502     81.05314
0.57464     81.01009
0.57425     80.96705
0.57387     80.92400
0.57349     80.88095
0.57311     80.83790
0.57273     80.79485
0.57235     80.75180
0.57197     80.70876
0.57159     80.66571
0.57121     80.62267
0.57083     80.57962
0.57045     80.53658
0.57006     80.49353
0.56968     80.45049
0.56930     80.40744
0.56892     80.36440
0.56854     80.32135
0.56816     80.27831
0.56778     80.23526
0.56740     80.19222
0.56702     80.14917
0.56664     80.10612
0.56626     80.06307
0.56589     80.02003
0.56551     79.97698
0.56513     79.93393
0.56475     79.89088
0.56437     79.84784
0.56399     79.80479
0.56361     79.76174
0.56323     79.71869
0.56285     79.67564
0.56247     79.63259
0.56209     79.58954
0.56170     79.54650
0.56132     79.50345
0.56094     79.46040
0.56056     79.41735
0.56018     79.37430
0.55980     79.33125
0.55942     79.28820
0.55904     79.24515
0.55866     79.20210
0.55828     79.15905
0.55790     79.11600
0.55751     79.07296
0.55713     79.02991
0.55675     78.98686
0.55637     78.94381
0.55599     78.90076
0.55561     78.85771
0.55523     78.81466
0.55485     78.77162
0.55447     78.72857
0.55409     78.68552
0.55371     78.64247
0.55334     78.59943
0.55296     78.55638
0.55258     78.51333
0.55220     78.47028
0.55182     78.42724
0.55144     78.38419
0.55106     78.34115
0.55068     78.29810
0.55030     78.25506
0.54992     78.21201
0.54954     78.16897
0.54915     78.12592
0.54877     78.08288
0.54839     78.03983
0.54801     77.99679
0.54763     77.95374
0.54725     77.91070
0.54687     77.86765
0.54649     77.82460
0.54611     77.78155
0.54573     77.73850
0.54535     77.69545
0.54496     77.65241
0.54458     77.60936
0.54420     77.56631
0.54382     77.52326
0.54344     77.48021
0.54306     77.43716
0.54268     77.39411
0.54230     77.35107
0.54192     77.30802
0.54154     77.26497
0.54116     77.22192
0.54079     77.17888
0.54041     77.13583
0.54003     77.09278
0.53965     77.04973
0.53927     77.00669
0.53889     76.96364
0.53851     76.92059
0.53813     76.87754
0.53775     76.83449
0.53737     76.79144
0.53699     76.74839
0.53660     76.70535
0.53622     76.66230
0.53584     76.61925
0.53546     76.57620
0.53508     76.53315
0.53470     76.49010
0.53432     76.44705
0.53394     76.40400
0.53356     76.36095
0.53318     76.31790
0.53280     76.27485
0.53241     76.23181
0.53203     76.18876
0.53165     76.14571
0.53127     76.10266
0.53089     76.05961
0.53051     76.01656
0.53013     75.97352
0.52975     75.93047
0.52937     75.88743
0.52899     75.84438
0.52861     75.80134
0.52824     75.75829
0.52786     75.71525
0.52748     75.67220
0.52710     75.62916
0.52672     75.58611
0.52634     75.54307
0.52596     75.50002
0.52558     75.45698
0.52520     75.41393
0.52482     75.37088
0.52444     75.32783
0.52405     75.28479
0.52367     75.24174
0.52329     75.19869
0.52291     75.15564
0.52253     75.11260
0.52215     75.06955
0.52177     75.02650
0.52139     74.98345
0.52101     74.94040
0.52063     74.89735
0.52025     74.85430
0.51986     74.81126
0.51948     74.76821
0.51910     74.72516
0.51872     74.68211
0.51834     74.63906
0.51796     74.59601
0.51758     74.55296
0.51720     74.50992
0.51682     74.46687
0.51644     74.42382
0.51606     74.38077
0.51569     74.33773
0.51531     74.29468
0.51493     74.25163
0.51455     74.20858
0.51417     74.16554
0.51379     74.12249
0.51341     74.07944
0.51303     74.03639
0.51265     73.99334
0.51227     73.95029
0.51189     73.90724
0.51150     73.86420
0.51112     73.82115
0.51074     73.77810
0.51036     73.73505
0.50998     73.69200
0.50960     73.64895
0.50922     73.60590
0.50884     73.56286
0.50846     73.51981
0.50808     73.47676
0.50770     73.43371
0.50731     73.39067
0.50693     73.34762
0.50655     73.30457
0.50617     73.26152
0.50579     73.21848
0.50541     73.17543
0.50503     73.13238
0.50465     73.08934
0.50427     73.04629
0.50389     73.00324
0.50351     72.96020
0.50314     72.91715
0.50276     72.87411
0.50238     72.83106
0.50200     72.78801
0.50162     72.74497
0.50124     72.70192
0.50086     72.65887
0.50048     72.61583
0.50010     72.57278
0.49972     72.52973
0.49934     72.48668
0.49895     72.44364
0.49857     72.40059
0.49819     72.35754
0.49781     72.31449
0.49743     72.27145
0.49705     72.22840
0.49667     72.18535
0.49629     72.14230
0.49591     72.09925
0.49553     72.05620
0.49515     72.01315
0.49476     71.97011
0.49438     71.92706
0.49400     71.88401
0.49362     71.84096
0.49324     71.79791
0.49286     71.75486
0.49248     71.71181
0.49210     71.66877
0.49172     71.62572
0.49134     71.58267
0.49096     71.53962
0.49059     71.49658
0.49021     71.45353
0.48983     71.41048
0.48945     71.36743
0.48907     71.32439
0.48869     71.28134
0.48831     71.23829
0.48793     71.19524
0.48755     71.15219
0.48717     71.10914
0.48679     71.06609
0.48640     71.02305
0.48602     70.98000
0.48564     70.93695
0.48526     70.89390
0.48488     70.85085
0.48450     70.80780
0.48412     70.76469
0.48374     70.72157
0.48336     70.67846
0.48298     70.63534
0.48260     70.59223
0.48221     70.54912
0.48183     70.50600
0.48145     70.46289
0.48107     70.41977
0.48069     70.37666
0.48031     70.33355
0.47993     70.29012
0.47955     70.24670
0.47918     70.20328
0.47880     70.15986
0.47842     70.11644
0.47804     70.07301
0.47767     70.02959
0.47729     69.98617
0.47691     69.94275
0.47653     69.89933
0.47615     69.85591
0.47575     69.81504
0.47535     69.77418
0.47495     69.73332
0.47455     69.69245
0.47415     69.65159
0.47374     69.61073
0.47334     69.56987
0.47294     69.52900
0.47254     69.48814
0.47214     69.44728
0.47174     69.40642
0.47131     69.36803
0.47087     69.32964
0.47045     69.29125
0.47002     69.25286
0.46959     69.21448
0.46915     69.17609
0.46873     69.13770
0.46830     69.09931
0.46787     69.06093
0.46743     69.02254
0.46701     68.98415
0.46654     68.94897
0.46608     68.91380
0.46562     68.87862
0.46516     68.84345
0.46470     68.80827
0.46424     68.77309
0.46378     68.73792
0.46331     68.70274
0.46285     68.66757
0.46239     68.63239
0.46193     68.59721
0.46153     68.55629
0.46112     68.51537
0.46072     68.47444
0.46032     68.43352
0.45992     68.39259
0.45951     68.35167
0.45911     68.31075
0.45871     68.26982
0.45831     68.22890
0.45790     68.18797
0.45750     68.14705
0.45713     68.10346
0.45676     68.05987
0.45639     68.01627
0.45602     67.97268
0.45565     67.92909
0.45528     67.88550
0.45491     67.84190
0.45454     67.79831
0.45417     67.75472
0.45380     67.71113
0.45344     67.66754
0.45310     67.62168
0.45276     67.57582
0.45242     67.52996
0.45208     67.48410
0.45174     67.43825
0.45140     67.39239
0.45106     67.34653
0.45072     67.30067
0.45038     67.25482
0.45004     67.20896
0.44970     67.16310
0.44936     67.11665
0.44902     67.07019
0.44867     67.02374
0.44833     66.97729
0.44799     66.93083
0.44765     66.88438
0.44730     66.83793
0.44696     66.79147
0.44662     66.74502
0.44628     66.69857
0.44594     66.65212
0.44557     66.60638
0.44520     66.56065
0.44483     66.51491
0.44446     66.46918
0.44409     66.42344
0.44372     66.37771
0.44335     66.33198
0.44298     66.28624
0.44261     66.24051
0.44224     66.19477
0.44187     66.14904
0.44171     66.09394
0.44154     66.03885
0.44138     65.98375
0.44121     65.92865
0.44105     65.87356
0.44088     65.81846
0.44072     65.76337
0.44055     65.70827
0.44039     65.65317
0.44022     65.59808
0.44006     65.54298
0.43976     65.49251
0.43945     65.44205
0.43915     65.39158
0.43884     65.34111
0.43854     65.29065
0.43823     65.24018
0.43793     65.18972
0.43762     65.13925
0.43732     65.08878
0.43701     65.03832
0.43671     64.98785
0.43649     64.93115
0.43628     64.87446
0.43606     64.81776
0.43585     64.76107
0.43564     64.70437
0.43542     64.64768
0.43521     64.59099
0.43500     64.53429
0.43478     64.47759
0.43457     64.42090
0.43435     64.36420
0.43428     64.30587
0.43420     64.24753
0.43412     64.18919
0.43405     64.13085
0.43397     64.07252
0.43389     64.01418
0.43382     63.95584
0.43374     63.89750
0.43366     63.83917
0.43359     63.78083
0.43351     63.72249
0.43349     63.65881
0.43346     63.59512
0.43344     63.53143
0.43342     63.46775
0.43339     63.40406
0.43337     63.34038
0.43335     63.27669
0.43332     63.21301
0.43330     63.14932
0.43328     63.08564
0.43326     63.02195
0.43320     62.96043
0.43314     62.89890
0.43308     62.83737
0.43303     62.77584
0.43297     62.71431
0.43291     62.65278
0.43286     62.59125
0.43280     62.52973
0.43274     62.46820
0.43269     62.40667
0.43263     62.34514
0.43277     62.28841
0.43291     62.23168
0.43304     62.17495
0.43318     62.11822
0.43332     62.06149
0.43346     62.00475
0.43359     61.94802
0.43373     61.89129
0.43387     61.83456
0.43401     61.77783
0.43415     61.72110
0.43435     61.66705
0.43455     61.61301
0.43476     61.55896
0.43496     61.50492
0.43516     61.45087
0.43537     61.39683
0.43557     61.34278
0.43577     61.28874
0.43598     61.23469
0.43618     61.18065
0.43639     61.12660
0.43664     61.07533
0.43690     61.02406
0.43715     60.97280
0.43741     60.92153
0.43766     60.87026
0.43792     60.81899
0.43818     60.76772
0.43843     60.71645
0.43869     60.66519
0.43894     60.61392
0.43920     60.56265
0.43945     60.51105
0.43970     60.45945
0.43995     60.40785
0.44020     60.35625
0.44045     60.30465
0.44070     60.25305
0.44095     60.20145
0.44120     60.14985
0.44145     60.09825
0.44170     60.04665
0.44195     59.99505
0.44234     59.95268
0.44273     59.91032
0.44311     59.86795
0.44350     59.82559
0.44389     59.78322
0.44428     59.74086
0.44467     59.69849
0.44506     59.65613
0.44544     59.61376
0.44583     59.57140
0.44622     59.52903
0.44659     59.48532
0.44696     59.44161
0.44733     59.39791
0.44770     59.35420
0.44807     59.31049
0.44844     59.26678
0.44881     59.22308
0.44918     59.17937
0.44955     59.13566
0.44992     59.09195
0.45030     59.04824
0.45062     59.00083
0.45095     58.95341
0.45127     58.90599
0.45160     58.85858
0.45192     58.81116
0.45225     58.76374
0.45258     58.71633
0.45290     58.66891
0.45323     58.62149
0.45355     58.57408
0.45388     58.52666
0.45430     58.48689
0.45471     58.44711
0.45513     58.40734
0.45554     58.36757
0.45596     58.32779
0.45637     58.28802
0.45678     58.24825
0.45720     58.20847
0.45761     58.16870
0.45803     58.12893
0.45844     58.08916
0.45890     58.05364
0.45935     58.01812
0.45981     57.98260
0.46026     57.94709
0.46071     57.91157
0.46117     57.87605
0.46162     57.84053
0.46207     57.80502
0.46253     57.76950
0.46298     57.73398
0.46343     57.69846
0.46386     57.66007
0.46428     57.62167
0.46471     57.58327
0.46513     57.54488
0.46556     57.50648
0.46598     57.46808
0.46640     57.42969
0.46683     57.39129
0.46725     57.35289
0.46768     57.31450
0.46810     57.27610
0.46852     57.23625
0.46894     57.19639
0.46935     57.15654
0.46977     57.11668
0.47019     57.07683
0.47061     57.03697
0.47103     56.99712
0.47145     56.95726
0.47186     56.91741
0.47228     56.87755
0.47270     56.83770
0.47313     56.79983
0.47356     56.76196
0.47399     56.72408
0.47442     56.68621
0.47485     56.64834
0.47529     56.61047
0.47572     56.57260
0.47615     56.53473
0.47658     56.49685
0.47701     56.45898
0.47744     56.42111
0.47788     56.38445
0.47831     56.34779
0.47875     56.31113
0.47919     56.27447
0.47963     56.23781
0.48006     56.20115
0.48050     56.16449
0.48094     56.12783
0.48138     56.09117
0.48181     56.05451
0.48225     56.01785
0.48272     55.98565
0.48320     55.95344
0.48367     55.92124
0.48415     55.88904
0.48462     55.85683
0.48509     55.82463
0.48557     55.79243
0.48604     55.76022
0.48652     55.72802
0.48699     55.69582
0.48746     55.66361
0.48793     55.63051
0.48840     55.59741
0.48887     55.56430
0.48934     55.53120
0.48980     55.49809
0.49027     55.46499
0.49074     55.43189
0.49121     55.39878
0.49167     55.36568
0.49214     55.33257
0.49261     55.29947
0.49306     55.26385
0.49350     55.22823
0.49395     55.19261
0.49439     55.15699
0.49484     55.12137
0.49529     55.08575
0.49573     55.05013
0.49618     55.01451
0.49662     54.97889
0.49707     54.94327
0.49751     54.90765
0.49802     54.87954
0.49852     54.85142
0.49902     54.82331
0.49952     54.79520
0.50002     54.76709
0.50052     54.73897
0.50102     54.71086
0.50152     54.68275
0.50202     54.65464
0.50252     54.62652
0.50302     54.59841
0.50353     54.57232
0.50405     54.54623
0.50456     54.52014
0.50508     54.49405
0.50559     54.46796
0.50611     54.44187
0.50662     54.41578
0.50714     54.38969
0.50765     54.36360
0.50817     54.33751
0.50868     54.31142
0.50920     54.28684
0.50972     54.26226
0.51024     54.23769
0.51077     54.21311
0.51129     54.18854
0.51181     54.16396
0.51233     54.13939
0.51285     54.11481
0.51337     54.09024
0.51389     54.06566
0.51441     54.04109
0.51491     54.01314
0.51541     53.98520
0.51591     53.95725
0.51641     53.92931
0.51691     53.90136
0.51741     53.87342
0.51791     53.84547
0.51841     53.81753
0.51891     53.78958
0.51941     53.76164
0.51990     53.73369
0.52041     53.70602
0.52091     53.67835
0.52141     53.65067
0.52191     53.62300
0.52241     53.59533
0.52291     53.56765
0.52341     53.53998
0.52391     53.51231
0.52441     53.48463
0.52491     53.45696
0.52541     53.42928
0.52592     53.40280
0.52643     53.37631
0.52694     53.34983
0.52745     53.32334
0.52796     53.29685
0.52847     53.27037
0.52898     53.24388
0.52949     53.21739
0.53000     53.19091
0.53051     53.16442
0.53101     53.13793
0.53151     53.10957
0.53201     53.08120
0.53250     53.05284
0.53300     53.02447
0.53349     52.99611
0.53399     52.96774
0.53449     52.93937
0.53498     52.91101
0.53548     52.88264
0.53597     52.85428
0.53647     52.82591
0.53696     52.79609
0.53745     52.76626
0.53794     52.73644
0.53842     52.70662
0.53891     52.67679
0.53940     52.64697
0.53989     52.61714
0.54038     52.58732
0.54087     52.55750
0.54136     52.52767
0.54185     52.49785
0.54234     52.46803
0.54283     52.43822
0.54332     52.40840
0.54381     52.37858
0.54430     52.34877
0.54478     52.31895
0.54527     52.28913
0.54576     52.25932
0.54625     52.22950
0.54674     52.19968
0.54723     52.16987
0.54772     52.14004
0.54821     52.11021
0.54870     52.08039
0.54919     52.05056
0.54968     52.02074
0.55017     51.99091
0.55066     51.96108
0.55115     51.93126
0.55164     51.90143
0.55213     51.87161
0.55262     51.84178
0.55311     51.81196
0.55360     51.78214
0.55409     51.75232
0.55457     51.72250
0.55506     51.69268
0.55555     51.66285
0.55604     51.63303
0.55653     51.60321
0.55702     51.57339
0.55751     51.54357
0.55800     51.51375
0.55849     51.48393
0.55897     51.45412
0.55946     51.42430
0.55995     51.39448
0.56044     51.36467
0.56094     51.33485
0.56143     51.30503
0.56192     51.27522
0.56241     51.24540
0.56290     51.21558
0.56339     51.18577
0.56387     51.15594
0.56436     51.12611
0.56485     51.09629
0.56534     51.06646
0.56583     51.03664
0.56632     51.00681
0.56681     50.97698
0.56730     50.94716
0.56779     50.91733
0.56828     50.88751
0.56877     50.85768
0.56926     50.82786
0.56975     50.79804
0.57024     50.76822
0.57072     50.73840
0.57121     50.70858
0.57170     50.67875
0.57219     50.64893
0.57268     50.61911
0.57317     50.58929
0.57366     50.55947
0.57415     50.52965
0.57464     50.49983
0.57512     50.47002
0.57561     50.44020
0.57610     50.41038
0.57659     50.38057
0.57709     50.35075
0.57758     50.32093
0.57807     50.29112
0.57856     50.26130
0.57905     50.23148
0.57954     50.20166
0.58002     50.17185
0.58051     50.14203
0.58100     50.11222
0.58149     50.08240
0.58198     50.05258
0.58247     50.02277
0.58296     49.99295
0.58345     49.96313
0.58394     49.93332
0.58443     49.90350
0.58492     49.87369
0.58541     49.84385
0.58590     49.81402
0.58639     49.78419
0.58687     49.75436
0.58736     49.72453
0.58785     49.69470
0.58834     49.66487
0.58883     49.63504
0.58932     49.60521
0.58981     49.57538
0.59030     49.54555
0.59079     49.51573
0.59127     49.48592
0.59176     49.45610
0.59225     49.42628
0.59274     49.39647
0.59324     49.36665
0.59373     49.33683
0.59422     49.30702
0.59471     49.27720
0.59520     49.24738
0.59569     49.21756
0.59617     49.18775
0.59666     49.15793
0.59715     49.12812
0.59764     49.09830
0.59813     49.06848
0.59862     49.03867
0.59911     49.00885
0.59960     48.97903
0.60009     48.94922
0.60058     48.91940
0.60107     48.88959
0.60156     48.85976
0.60205     48.82994
0.60254     48.80012
0.60302     48.77030
0.60351     48.74048
0.60400     48.71066
0.60449     48.68084
0.60498     48.65102
0.60547     48.62120
0.60596     48.59138
0.60645     48.56155
0.60694     48.53173
0.60743     48.50190
0.60792     48.47208
0.60841     48.44225
0.60890     48.41242
0.60938     48.38260
0.60987     48.35277
0.61036     48.32294
0.61085     48.29312
0.61134     48.26329
0.61183     48.23346
0.61232     48.20365
0.61281     48.17383
0.61330     48.14402
0.61379     48.11420
0.61428     48.08438
0.61477     48.05457
0.61526     48.02475
0.61575     47.99493
0.61624     47.96512
0.61673     47.93530
0.61722     47.90549
0.61771     47.87566
0.61820     47.84584
0.61869     47.81602
0.61917     47.78620
0.61966     47.75638
0.62015     47.72656
0.62064     47.69674
0.62113     47.66692
0.62162     47.63710
0.62211     47.60728
0.62260     47.57746
0.62308     47.54763
0.62357     47.51780
0.62406     47.48798
0.62455     47.45815
0.62504     47.42832
0.62554     47.39850
0.62603     47.36867
0.62652     47.33884
0.62701     47.30902
0.62750     47.27919
0.62799     47.24936
0.62847     47.21955
0.62896     47.18973
0.62945     47.15991
0.62994     47.13009
0.63043     47.10027
0.63092     47.07046
0.63141     47.04064
0.63190     47.01082
0.63239     46.98100
0.63288     46.95118
0.63337     46.92136
0.63386     46.89154
0.63435     46.86172
0.63484     46.83189
0.63532     46.80207
0.63581     46.77225
0.63630     46.74242
0.63679     46.71260
0.63728     46.68278
0.63777     46.65295
0.63826     46.62313
0.63875     46.59331
0.63923     46.56348
0.63972     46.53365
0.64021     46.50383
0.64070     46.47400
0.64119     46.44417
0.64169     46.41435
0.64218     46.38452
0.64267     46.35469
0.64316     46.32487
0.64365     46.29504
0.64414     46.26521
0.64462     46.23540
0.64511     46.20558
0.64560     46.17577
0.64609     46.14595
0.64658     46.11613
0.64707     46.08632
0.64756     46.05650
0.64805     46.02668
0.64854     45.99687
0.64903     45.96705
0.64952     45.93723
0.65001     45.90741
0.65050     45.87759
0.65099     45.84777
0.65147     45.81795
0.65196     45.78813
0.65245     45.75831
0.65294     45.72849
0.65343     45.69867
0.65392     45.66885
0.65441     45.63903
0.65490     45.60921
0.65538     45.57938
0.65587     45.54955
0.65636     45.51973
0.65685     45.48990
0.65734     45.46007
0.65784     45.43025
0.65833     45.40042
0.65882     45.37059
0.65931     45.34077
0.65980     45.31094
0.66029     45.28111
0.66077     45.25130
0.66126     45.22148
0.66175     45.19167
0.66224     45.16185
0.66273     45.13203
0.66322     45.10222
0.66371     45.07240
0.66420     45.04258
0.66469     45.01277
0.66518     44.98295
0.66567     44.95313
0.66616     44.92331
0.66665     44.89349
0.66714     44.86367
0.66762     44.83385
0.66811     44.80403
0.66860     44.77421
0.66909     44.74439
0.66958     44.71457
0.67007     44.68475
0.67056     44.65493
0.67105     44.62511
0.67154     44.59528
0.67203     44.56545
0.67252     44.53563
0.67301     44.50580
0.67350     44.47597
0.67398     44.44615
0.67447     44.41632
0.67496     44.38649
0.67545     44.35667
0.67594     44.32684
0.67643     44.29702
0.67692     44.26720
0.67741     44.23738
0.67790     44.20757
0.67839     44.17775
0.67888     44.14793
0.67937     44.11812
0.67986     44.08830
0.68035     44.05848
0.68084     44.02867
0.68133     43.99885
0.68182     43.96903
0.68231     43.93922
0.68280     43.90940
0.68329     43.87958
0.68377     43.84977
0.68426     43.81995
0.68475     43.79013
0.68524     43.76032
0.68573     43.73050
0.68622     43.70068
0.68671     43.67087
0.68720     43.64105
0.68768     43.61122
0.68817     43.58139
0.68866     43.55156
0.68915     43.52173
0.68964     43.49190
0.69014     43.46207
0.69063     43.43224
0.69112     43.40241
0.69161     43.37258
0.69210     43.34275
0.69259     43.31292
0.69307     43.28310
0.69356     43.25328
0.69405     43.22347
0.69454     43.19365
0.69503     43.16383
0.69552     43.13402
0.69601     43.10420
0.69650     43.07438
0.69699     43.04457
0.69748     43.01475
0.69797     42.98493
0.69815     42.97354
0.69834     42.96215
0.69852     42.95075
0.69871     42.93936
0.69889     42.92796
0.69908     42.91657
0.69926     42.90518
0.69945     42.89378
0.69963     42.88239
0.69982     42.87099
0.70000     42.85960
0.70000     42.85960
