#     D        Lambda1     Mbol = -0.25
0.3948    85.56700000000001
0.39438     85.04566
0.39436     85.02084
0.39435     84.99601
0.39432     84.97119
0.39431     84.94636
0.39428     84.92154
0.39426     84.89671
0.39425     84.87189
0.39422     84.84706
0.39420     84.82224
0.39419     84.79741
0.39416     84.77259
0.39415     84.74776
0.39413     84.72294
0.39410     84.69811
0.39409     84.67329
0.39406     84.64846
0.39404     84.62364
0.39403     84.59881
0.39400     84.57399
0.39399     84.54916
0.39397     84.52434
0.39395     84.49951
0.39393     84.47468
0.39391     84.44986
0.39389     84.42503
0.39387     84.40021
0.39385     84.37538
0.39383     84.35056
0.39381     84.32573
0.39379     84.30091
0.39377     84.27608
0.39375     84.25125
0.39373     84.22643
0.39371     84.20160
0.39369     84.17678
0.39367     84.15195
0.39365     84.12713
0.39363     84.10230
0.39361     84.07748
0.39359     84.05265
0.39357     84.02783
0.39355     84.00300
0.39353     83.97817
0.39351     83.95335
0.39349     83.92852
0.39347     83.90370
0.39345     83.87887
0.39343     83.85405
0.39341     83.82922
0.39339     83.80440
0.39337     83.77957
0.39335     83.75475
0.39333     83.72992
0.39331     83.70509
0.39329     83.68027
0.39327     83.65544
0.39325     83.63062
0.39323     83.60579
0.39321     83.58097
0.39319     83.55614
0.39317     83.53132
0.39315     83.50649
0.39314     83.48166
0.39311     83.45684
0.39310     83.43201
0.39308     83.40719
0.39305     83.38236
0.39304     83.35754
0.39302     83.33271
0.39299     83.30789
0.39298     83.28306
0.39295     83.25824
0.39293     83.23341
0.39292     83.20859
0.39289     83.18376
0.39287     83.15894
0.39286     83.13411
0.39283     83.10929
0.39281     83.08446
0.39280     83.05964
0.39277     83.03481
0.39275     83.00999
0.39274     82.98516
0.39271     82.96034
0.39270     82.93551
0.39268     82.91068
0.39266     82.88586
0.39264     82.86103
0.39262     82.83621
0.39260     82.81138
0.39258     82.78656
0.39256     82.76173
0.39254     82.73691
0.39252     82.71208
0.39250     82.68725
0.39248     82.66243
0.39246     82.63760
0.39244     82.61278
0.39242     82.58795
0.39240     82.56313
0.39238     82.53830
0.39236     82.51348
0.39234     82.48865
0.39232     82.46383
0.39230     82.43900
0.39228     82.41417
0.39226     82.38935
0.39224     82.36452
0.39222     82.33970
0.39220     82.31487
0.39218     82.29005
0.39216     82.26522
0.39214     82.24040
0.39212     82.21557
0.39210     82.19075
0.39208     82.16592
0.39206     82.14109
0.39204     82.11627
0.39202     82.09144
0.39200     82.06662
0.39198     82.04179
0.39196     82.01697
0.39194     81.99214
0.39192     81.96732
0.39190     81.94249
0.39189     81.91766
0.39187     81.89284
0.39185     81.86801
0.39183     81.84319
0.39181     81.81836
0.39179     81.79354
0.39177     81.76871
0.39175     81.74389
0.39173     81.71906
0.39171     81.69424
0.39169     81.66941
0.39167     81.64459
0.39165     81.61976
0.39163     81.59494
0.39161     81.57011
0.39159     81.54529
0.39157     81.52046
0.39155     81.49564
0.39153     81.47081
0.39151     81.44599
0.39149     81.42116
0.39147     81.39634
0.39145     81.37151
0.39143     81.34668
0.39141     81.32186
0.39139     81.29703
0.39137     81.27221
0.39135     81.24738
0.39133     81.22256
0.39131     81.19773
0.39129     81.17291
0.39127     81.14808
0.39125     81.12325
0.39123     81.09843
0.39121     81.07360
0.39119     81.04878
0.39117     81.02395
0.39115     80.99913
0.39113     80.97430
0.39111     80.94948
0.39109     80.92465
0.39107     80.89983
0.39105     80.87500
0.39103     80.85017
0.39101     80.82535
0.39099     80.80052
0.39097     80.77570
0.39095     80.75087
0.39093     80.72605
0.39091     80.70122
0.39089     80.67640
0.39087     80.65157
0.39085     80.62675
0.39083     80.60192
0.39081     80.57709
0.39079     80.55227
0.39077     80.52744
0.39075     80.50262
0.39073     80.47779
0.39071     80.45297
0.39069     80.42814
0.39067     80.40332
0.39065     80.37849
0.39063     80.35367
0.39061     80.32884
0.39059     80.30401
0.39057     80.27919
0.39055     80.25436
0.39053     80.22954
0.39051     80.20471
0.39049     80.17989
0.39047     80.15506
0.39045     80.13024
0.39043     80.10541
0.39041     80.08059
0.39039     80.05576
0.39037     80.03094
0.39035     80.00611
0.39033     79.98129
0.39031     79.95646
0.39029     79.93164
0.39027     79.90681
0.39025     79.88199
0.39023     79.85716
0.39021     79.83233
0.39020     79.80751
0.39018     79.78268
0.39016     79.75786
0.39014     79.73303
0.39012     79.70821
0.39010     79.68338
0.39008     79.65856
0.39006     79.63373
0.39004     79.60891
0.39002     79.58408
0.39000     79.55925
0.38998     79.53443
0.38996     79.50960
0.38994     79.48478
0.38992     79.45995
0.38990     79.43513
0.38988     79.41030
0.38986     79.38548
0.38984     79.36065
0.38982     79.33583
0.38980     79.31100
0.38978     79.28617
0.38976     79.26135
0.38974     79.23652
0.38972     79.21170
0.38970     79.18687
0.38968     79.16205
0.38966     79.13722
0.38964     79.11240
0.38962     79.08757
0.38960     79.06275
0.38958     79.03792
0.38956     79.01309
0.38954     78.98827
0.38952     78.96344
0.38950     78.93862
0.38948     78.91379
0.38946     78.88897
0.38944     78.86414
0.38942     78.83932
0.38940     78.81449
0.38938     78.78967
0.38936     78.76484
0.38934     78.74001
0.38932     78.71519
0.38931     78.69036
0.38928     78.66554
0.38926     78.64071
0.38925     78.61589
0.38922     78.59106
0.38920     78.56624
0.38919     78.54141
0.38916     78.51659
0.38915     78.49176
0.38912     78.46694
0.38910     78.44211
0.38909     78.41729
0.38906     78.39246
0.38904     78.36764
0.38903     78.34281
0.38900     78.31799
0.38899     78.29316
0.38897     78.26833
0.38895     78.24351
0.38893     78.21868
0.38891     78.19386
0.38889     78.16903
0.38887     78.14421
0.38885     78.11938
0.38883     78.09456
0.38881     78.06973
0.38879     78.04491
0.38877     78.02008
0.38875     77.99525
0.38873     77.97043
0.38871     77.94560
0.38869     77.92078
0.38867     77.89595
0.38865     77.87113
0.38863     77.84630
0.38861     77.82148
0.38859     77.79665
0.38857     77.77183
0.38855     77.74700
0.38853     77.72217
0.38851     77.69735
0.38849     77.67252
0.38847     77.64770
0.38845     77.62287
0.38843     77.59805
0.38841     77.57322
0.38839     77.54840
0.38837     77.52357
0.38835     77.49875
0.38833     77.47392
0.38831     77.44909
0.38829     77.42427
0.38827     77.39944
0.38825     77.37462
0.38823     77.34979
0.38821     77.32497
0.38819     77.30014
0.38817     77.27532
0.38815     77.25049
0.38814     77.22566
0.38811     77.20084
0.38810     77.17601
0.38808     77.15119
0.38806     77.12636
0.38804     77.10154
0.38801     77.07671
0.38800     77.05189
0.38798     77.02706
0.38795     77.00224
0.38794     76.97741
0.38792     76.95259
0.38790     76.92776
0.38788     76.90294
0.38786     76.87811
0.38784     76.85329
0.38782     76.82846
0.38780     76.80364
0.38778     76.77881
0.38776     76.75399
0.38774     76.72916
0.38772     76.70434
0.38770     76.67951
0.38768     76.65468
0.38766     76.62986
0.38764     76.60503
0.38762     76.58021
0.38760     76.55538
0.38758     76.53056
0.38756     76.50573
0.38754     76.48091
0.38752     76.45608
0.38750     76.43125
0.38748     76.40643
0.38746     76.38160
0.38744     76.35678
0.38742     76.33195
0.38740     76.30713
0.38738     76.28230
0.38736     76.25748
0.38734     76.23265
0.38732     76.20783
0.38730     76.18300
0.38728     76.15817
0.38726     76.13335
0.38724     76.10852
0.38722     76.08370
0.38720     76.05887
0.38718     76.03405
0.38716     76.00922
0.38714     75.98440
0.38712     75.95957
0.38710     75.93475
0.38708     75.90992
0.38706     75.88509
0.38704     75.86027
0.38702     75.83544
0.38700     75.81062
0.38698     75.78579
0.38696     75.76097
0.38694     75.73614
0.38692     75.71132
0.38690     75.68649
0.38689     75.66166
0.38687     75.63684
0.38685     75.61201
0.38683     75.58719
0.38681     75.56236
0.38678     75.53754
0.38677     75.51271
0.38675     75.48789
0.38672     75.46306
0.38671     75.43824
0.38669     75.41341
0.38666     75.38859
0.38664     75.36376
0.38662     75.33894
0.38660     75.31411
0.38658     75.28929
0.38656     75.26446
0.38654     75.23964
0.38652     75.21481
0.38650     75.18999
0.38648     75.16516
0.38646     75.14033
0.38645     75.11551
0.38643     75.09068
0.38641     75.06586
0.38639     75.04103
0.38637     75.01621
0.38635     74.99138
0.38633     74.96656
0.38631     74.94173
0.38629     74.91691
0.38627     74.89208
0.38625     74.86725
0.38623     74.84243
0.38621     74.81760
0.38619     74.79278
0.38617     74.76795
0.38615     74.74313
0.38613     74.71830
0.38611     74.69348
0.38609     74.66865
0.38607     74.64383
0.38605     74.61900
0.38604     74.59341
0.38603     74.56783
0.38601     74.54224
0.38600     74.51665
0.38599     74.49106
0.38598     74.46548
0.38597     74.43989
0.38595     74.41430
0.38594     74.38871
0.38593     74.36313
0.38592     74.33754
0.38591     74.31195
0.38590     74.28636
0.38588     74.26078
0.38587     74.23519
0.38586     74.20960
0.38585     74.18401
0.38584     74.15843
0.38582     74.13284
0.38581     74.10725
0.38580     74.08167
0.38579     74.05666
0.38579     74.03167
0.38578     74.00666
0.38577     73.98167
0.38576     73.95667
0.38576     73.93167
0.38575     73.90667
0.38574     73.88166
0.38574     73.85667
0.38573     73.83167
0.38572     73.80667
0.38571     73.78167
0.38571     73.75667
0.38570     73.73167
0.38569     73.70667
0.38569     73.68167
0.38568     73.65667
0.38567     73.63167
0.38566     73.60667
0.38566     73.58167
0.38565     73.55667
0.38564     73.53187
0.38563     73.50708
0.38562     73.48228
0.38561     73.45749
0.38561     73.43270
0.38560     73.40790
0.38559     73.38311
0.38558     73.35832
0.38557     73.33352
0.38556     73.30873
0.38555     73.28394
0.38554     73.25914
0.38554     73.23435
0.38553     73.20956
0.38552     73.18476
0.38551     73.15997
0.38550     73.13517
0.38549     73.11038
0.38548     73.08559
0.38547     73.06079
0.38547     73.03600
0.38544     73.01067
0.38542     72.98535
0.38540     72.96002
0.38537     72.93470
0.38535     72.90937
0.38533     72.88405
0.38531     72.85872
0.38528     72.83340
0.38526     72.80807
0.38524     72.78275
0.38521     72.75742
0.38519     72.73209
0.38517     72.70677
0.38515     72.68144
0.38512     72.65612
0.38510     72.63079
0.38508     72.60547
0.38505     72.58014
0.38503     72.55482
0.38501     72.52949
0.38498     72.50417
0.38498     72.47916
0.38498     72.45417
0.38498     72.42916
0.38498     72.40417
0.38497     72.37917
0.38497     72.35416
0.38497     72.32917
0.38497     72.30416
0.38496     72.27916
0.38496     72.25417
0.38496     72.22916
0.38496     72.20417
0.38495     72.17916
0.38495     72.15416
0.38495     72.12917
0.38495     72.10416
0.38494     72.07916
0.38494     72.05416
0.38494     72.02916
0.38494     72.00417
0.38494     71.97916
0.38493     71.95401
0.38492     71.92885
0.38491     71.90370
0.38490     71.87854
0.38489     71.85339
0.38488     71.82823
0.38487     71.80308
0.38486     71.77792
0.38485     71.75277
0.38484     71.72761
0.38483     71.70245
0.38482     71.67730
0.38481     71.65214
0.38480     71.62699
0.38479     71.60183
0.38478     71.57668
0.38477     71.55152
0.38476     71.52637
0.38475     71.50121
0.38474     71.47606
0.38473     71.45090
0.38479     71.42532
0.38485     71.39973
0.38490     71.37415
0.38496     71.34857
0.38502     71.32298
0.38507     71.29740
0.38513     71.27182
0.38518     71.24623
0.38524     71.22065
0.38530     71.19507
0.38535     71.16948
0.38541     71.14390
0.38547     71.11832
0.38552     71.09273
0.38558     71.06715
0.38563     71.04157
0.38569     71.01598
0.38575     70.99040
0.38580     70.96482
0.38586     70.93923
0.38592     70.91365
0.38594     70.88855
0.38597     70.86346
0.38599     70.83836
0.38602     70.81326
0.38605     70.78817
0.38607     70.76307
0.38610     70.73797
0.38612     70.71287
0.38615     70.68778
0.38618     70.66268
0.38620     70.63758
0.38623     70.61249
0.38626     70.58739
0.38628     70.56229
0.38631     70.53720
0.38633     70.51210
0.38636     70.48700
0.38639     70.46191
0.38641     70.43681
0.38644     70.41171
0.38647     70.38662
0.38651     70.36125
0.38656     70.33589
0.38660     70.31052
0.38665     70.28516
0.38670     70.25979
0.38674     70.23443
0.38679     70.20906
0.38683     70.18370
0.38688     70.15833
0.38693     70.13296
0.38697     70.10760
0.38702     70.08223
0.38707     70.05687
0.38711     70.03150
0.38716     70.00614
0.38720     69.98077
0.38725     69.95541
0.38730     69.93004
0.38734     69.90468
0.38739     69.87931
0.38744     69.85395
0.38749     69.82857
0.38755     69.80320
0.38760     69.77782
0.38766     69.75245
0.38772     69.72707
0.38777     69.70169
0.38783     69.67632
0.38789     69.65094
0.38794     69.62557
0.38800     69.60019
0.38806     69.57481
0.38811     69.54944
0.38817     69.52406
0.38822     69.49869
0.38828     69.47331
0.38834     69.44793
0.38839     69.42256
0.38845     69.39718
0.38851     69.37181
0.38856     69.34643
0.38862     69.32106
0.38865     69.29544
0.38869     69.26983
0.38872     69.24421
0.38876     69.21860
0.38879     69.19298
0.38882     69.16737
0.38886     69.14176
0.38889     69.11614
0.38892     69.09053
0.38896     69.06491
0.38899     69.03930
0.38903     69.01369
0.38906     68.98807
0.38909     68.96246
0.38913     68.93684
0.38916     68.91123
0.38919     68.88562
0.38923     68.86000
0.38926     68.83439
0.38930     68.80877
0.38933     68.78316
0.38938     68.75849
0.38943     68.73382
0.38948     68.70915
0.38953     68.68448
0.38958     68.65981
0.38963     68.63514
0.38968     68.61047
0.38973     68.58581
0.38978     68.56114
0.38983     68.53647
0.38988     68.51180
0.38993     68.48713
0.38998     68.46246
0.39003     68.43779
0.39008     68.41312
0.39013     68.38845
0.39018     68.36378
0.39023     68.33911
0.39028     68.31444
0.39033     68.28977
0.39038     68.26510
0.39044     68.23997
0.39049     68.21483
0.39055     68.18970
0.39060     68.16456
0.39066     68.13942
0.39072     68.11429
0.39077     68.08915
0.39083     68.06402
0.39088     68.03888
0.39094     68.01374
0.39100     67.98861
0.39105     67.96347
0.39111     67.93833
0.39116     67.91320
0.39122     67.88806
0.39128     67.86293
0.39133     67.83779
0.39139     67.81265
0.39144     67.78752
0.39150     67.76238
0.39155     67.73725
0.39159     67.71208
0.39163     67.68691
0.39167     67.66175
0.39171     67.63658
0.39175     67.61141
0.39179     67.58625
0.39182     67.56108
0.39186     67.53591
0.39190     67.51075
0.39194     67.48558
0.39198     67.46041
0.39202     67.43525
0.39206     67.41008
0.39209     67.38492
0.39213     67.35975
0.39217     67.33458
0.39221     67.30942
0.39225     67.28425
0.39229     67.25908
0.39233     67.23392
0.39236     67.20875
0.39244     67.18531
0.39252     67.16187
0.39260     67.13843
0.39267     67.11499
0.39275     67.09154
0.39283     67.06810
0.39290     67.04466
0.39298     67.02122
0.39306     66.99778
0.39313     66.97434
0.39321     66.95090
0.39329     66.92746
0.39336     66.90401
0.39344     66.88057
0.39352     66.85713
0.39360     66.83369
0.39367     66.81025
0.39375     66.78681
0.39383     66.76337
0.39390     66.73993
0.39398     66.71648
0.39412     66.69347
0.39427     66.67045
0.39441     66.64743
0.39456     66.62441
0.39470     66.60139
0.39485     66.57837
0.39499     66.55536
0.39514     66.53234
0.39528     66.50932
0.39543     66.48630
0.39557     66.46328
0.39571     66.44026
0.39586     66.41725
0.39600     66.39423
0.39615     66.37121
0.39629     66.34819
0.39644     66.32517
0.39658     66.30215
0.39673     66.27914
0.39687     66.25612
0.39702     66.23310
0.39708     66.20819
0.39715     66.18327
0.39721     66.15836
0.39728     66.13344
0.39735     66.10853
0.39741     66.08361
0.39748     66.05870
0.39755     66.03379
0.39761     66.00887
0.39768     65.98396
0.39775     65.95904
0.39781     65.93413
0.39788     65.90921
0.39794     65.88430
0.39801     65.85939
0.39808     65.83447
0.39814     65.80956
0.39821     65.78464
0.39828     65.75973
0.39834     65.73481
0.39841     65.70990
0.39851     65.68630
0.39861     65.66271
0.39871     65.63911
0.39881     65.61552
0.39891     65.59192
0.39900     65.56833
0.39910     65.54473
0.39920     65.52114
0.39930     65.49754
0.39940     65.47395
0.39950     65.45035
0.39960     65.42676
0.39970     65.40316
0.39980     65.37957
0.39990     65.35597
0.39999     65.33238
0.40009     65.30878
0.40019     65.28519
0.40029     65.26159
0.40039     65.23800
0.40049     65.21440
0.40062     65.19218
0.40076     65.16997
0.40089     65.14775
0.40103     65.12553
0.40116     65.10331
0.40130     65.08110
0.40143     65.05888
0.40157     65.03666
0.40170     65.01444
0.40184     64.99223
0.40197     64.97001
0.40210     64.94779
0.40224     64.92557
0.40237     64.90336
0.40251     64.88114
0.40264     64.85892
0.40278     64.83670
0.40291     64.81449
0.40305     64.79227
0.40318     64.77005
0.40331     64.74784
0.40345     64.72583
0.40359     64.70382
0.40373     64.68181
0.40386     64.65980
0.40400     64.63779
0.40414     64.61579
0.40427     64.59378
0.40441     64.57177
0.40455     64.54976
0.40468     64.52775
0.40482     64.50574
0.40496     64.48374
0.40509     64.46173
0.40523     64.43972
0.40537     64.41771
0.40551     64.39570
0.40564     64.37369
0.40578     64.35169
0.40592     64.32968
0.40605     64.30767
0.40619     64.28566
0.40632     64.26298
0.40644     64.24030
0.40657     64.21762
0.40670     64.19493
0.40682     64.17225
0.40695     64.14957
0.40708     64.12689
0.40721     64.10421
0.40733     64.08152
0.40746     64.05884
0.40759     64.03616
0.40771     64.01348
0.40784     63.99080
0.40797     63.96812
0.40809     63.94543
0.40822     63.92275
0.40835     63.90007
0.40847     63.87739
0.40860     63.85471
0.40873     63.83203
0.40886     63.80934
0.40900     63.78808
0.40915     63.76681
0.40930     63.74555
0.40944     63.72428
0.40959     63.70301
0.40974     63.68175
0.40989     63.66048
0.41003     63.63921
0.41018     63.61795
0.41033     63.59668
0.41048     63.57541
0.41062     63.55415
0.41077     63.53288
0.41092     63.51161
0.41107     63.49035
0.41121     63.46908
0.41136     63.44782
0.41151     63.42655
0.41166     63.40528
0.41180     63.38402
0.41195     63.36275
0.41208     63.34044
0.41221     63.31813
0.41234     63.29581
0.41246     63.27350
0.41259     63.25119
0.41272     63.22888
0.41285     63.20657
0.41298     63.18425
0.41311     63.16194
0.41324     63.13963
0.41336     63.11732
0.41349     63.09501
0.41362     63.07270
0.41375     63.05038
0.41388     63.02807
0.41401     63.00576
0.41414     62.98345
0.41426     62.96114
0.41439     62.93882
0.41452     62.91651
0.41465     62.89420
0.41478     62.87164
0.41490     62.84908
0.41503     62.82652
0.41515     62.80396
0.41528     62.78140
0.41540     62.75884
0.41553     62.73628
0.41565     62.71372
0.41578     62.69116
0.41590     62.66860
0.41603     62.64605
0.41616     62.62349
0.41628     62.60093
0.41641     62.57837
0.41653     62.55581
0.41666     62.53325
0.41678     62.51069
0.41691     62.48813
0.41703     62.46557
0.41716     62.44301
0.41728     62.42045
0.41745     62.40069
0.41762     62.38093
0.41779     62.36117
0.41796     62.34141
0.41812     62.32165
0.41829     62.30189
0.41846     62.28213
0.41863     62.26237
0.41879     62.24261
0.41896     62.22285
0.41913     62.20309
0.41930     62.18333
0.41946     62.16357
0.41963     62.14381
0.41980     62.12405
0.41997     62.10429
0.42013     62.08453
0.42030     62.06477
0.42047     62.04501
0.42064     62.02525
0.42080     62.00550
0.42097     61.98608
0.42114     61.96666
0.42131     61.94724
0.42148     61.92782
0.42165     61.90840
0.42182     61.88898
0.42199     61.86956
0.42216     61.85014
0.42233     61.83072
0.42250     61.81130
0.42267     61.79188
0.42284     61.77246
0.42301     61.75304
0.42317     61.73362
0.42334     61.71420
0.42351     61.69478
0.42368     61.67536
0.42385     61.65594
0.42402     61.63652
0.42419     61.61710
0.42436     61.59768
0.42452     61.57761
0.42469     61.55753
0.42485     61.53746
0.42502     61.51738
0.42518     61.49730
0.42535     61.47723
0.42551     61.45715
0.42567     61.43707
0.42584     61.41700
0.42600     61.39692
0.42617     61.37684
0.42633     61.35677
0.42650     61.33669
0.42666     61.31661
0.42682     61.29654
0.42699     61.27646
0.42715     61.25639
0.42732     61.23631
0.42748     61.21623
0.42765     61.19616
0.42781     61.17608
0.42799     61.15748
0.42817     61.13888
0.42835     61.12028
0.42853     61.10168
0.42870     61.08308
0.42888     61.06448
0.42906     61.04588
0.42924     61.02727
0.42942     61.00867
0.42960     60.99007
0.42978     60.97147
0.42996     60.95287
0.43013     60.93427
0.43031     60.91567
0.43049     60.89707
0.43067     60.87847
0.43085     60.85987
0.43103     60.84127
0.43121     60.82267
0.43139     60.80407
0.43156     60.78547
0.43174     60.76671
0.43192     60.74795
0.43210     60.72919
0.43228     60.71043
0.43245     60.69167
0.43263     60.67292
0.43281     60.65416
0.43299     60.63540
0.43316     60.61664
0.43334     60.59788
0.43352     60.57913
0.43370     60.56037
0.43387     60.54161
0.43405     60.52285
0.43423     60.50409
0.43441     60.48534
0.43458     60.46658
0.43476     60.44782
0.43494     60.42906
0.43512     60.41030
0.43529     60.39155
0.43548     60.37415
0.43567     60.35676
0.43586     60.33937
0.43605     60.32198
0.43623     60.30459
0.43642     60.28720
0.43661     60.26981
0.43680     60.25242
0.43698     60.23503
0.43717     60.21764
0.43736     60.20024
0.43755     60.18285
0.43773     60.16546
0.43792     60.14807
0.43811     60.13068
0.43830     60.11329
0.43848     60.09590
0.43867     60.07851
0.43886     60.06112
0.43905     60.04373
0.43923     60.02634
0.43943     60.00988
0.43963     59.99343
0.43982     59.97697
0.44002     59.96052
0.44021     59.94406
0.44041     59.92761
0.44061     59.91116
0.44080     59.89470
0.44100     59.87825
0.44119     59.86179
0.44139     59.84534
0.44159     59.82889
0.44178     59.81243
0.44198     59.79598
0.44217     59.77952
0.44237     59.76307
0.44257     59.74662
0.44276     59.73016
0.44296     59.71371
0.44315     59.69725
0.44335     59.68080
0.44357     59.66674
0.44378     59.65268
0.44400     59.63861
0.44422     59.62455
0.44443     59.61049
0.44465     59.59643
0.44487     59.58237
0.44508     59.56830
0.44530     59.55424
0.44552     59.54018
0.44573     59.52612
0.44595     59.51206
0.44617     59.49800
0.44638     59.48393
0.44660     59.46987
0.44682     59.45581
0.44703     59.44175
0.44725     59.42769
0.44747     59.41362
0.44768     59.39956
0.44790     59.38550
0.44812     59.37162
0.44833     59.35775
0.44855     59.34387
0.44877     59.33000
0.44898     59.31612
0.44920     59.30224
0.44942     59.28837
0.44963     59.27449
0.44985     59.26061
0.45007     59.24674
0.45028     59.23286
0.45050     59.21899
0.45072     59.20511
0.45093     59.19123
0.45115     59.17736
0.45137     59.16348
0.45158     59.14960
0.45180     59.13573
0.45202     59.12185
0.45223     59.10798
0.45245     59.09410
0.45268     59.08215
0.45291     59.07020
0.45314     59.05824
0.45337     59.04629
0.45360     59.03434
0.45383     59.02239
0.45406     59.01043
0.45429     58.99848
0.45452     58.98653
0.45475     58.97458
0.45497     58.96263
0.45520     58.95067
0.45543     58.93872
0.45566     58.92677
0.45589     58.91482
0.45612     58.90287
0.45635     58.89091
0.45658     58.87896
0.45681     58.86701
0.45704     58.85506
0.45727     58.84310
0.45751     58.83260
0.45774     58.82210
0.45798     58.81160
0.45821     58.80109
0.45845     58.79059
0.45868     58.78009
0.45892     58.76959
0.45915     58.75908
0.45939     58.74858
0.45962     58.73808
0.45986     58.72758
0.46010     58.71707
0.46033     58.70657
0.46057     58.69607
0.46080     58.68557
0.46104     58.67506
0.46127     58.66456
0.46151     58.65406
0.46174     58.64356
0.46198     58.63305
0.46221     58.62255
0.46246     58.61360
0.46270     58.60466
0.46294     58.59571
0.46319     58.58676
0.46343     58.57781
0.46367     58.56887
0.46392     58.55992
0.46416     58.55097
0.46440     58.54202
0.46465     58.53308
0.46489     58.52413
0.46513     58.51518
0.46538     58.50623
0.46562     58.49729
0.46586     58.48834
0.46610     58.47939
0.46635     58.47044
0.46659     58.46150
0.46683     58.45255
0.46708     58.44360
0.46732     58.43465
0.46756     58.42553
0.46780     58.41641
0.46805     58.40729
0.46829     58.39817
0.46853     58.38905
0.46877     58.37992
0.46902     58.37080
0.46926     58.36168
0.46950     58.35256
0.46974     58.34344
0.46998     58.33432
0.47023     58.32519
0.47047     58.31607
0.47071     58.30695
0.47095     58.29783
0.47119     58.28871
0.47144     58.27959
0.47168     58.27046
0.47192     58.26134
0.47216     58.25222
0.47240     58.24310
0.47265     58.23579
0.47290     58.22847
0.47314     58.22116
0.47339     58.21384
0.47364     58.20653
0.47388     58.19921
0.47413     58.19190
0.47438     58.18458
0.47462     58.17727
0.47487     58.16995
0.47512     58.16264
0.47536     58.15533
0.47561     58.14801
0.47585     58.14070
0.47610     58.13338
0.47635     58.12607
0.47659     58.11875
0.47684     58.11144
0.47709     58.10412
0.47733     58.09681
0.47758     58.08949
0.47782     58.08174
0.47807     58.07399
0.47831     58.06623
0.47856     58.05848
0.47880     58.05073
0.47905     58.04297
0.47929     58.03522
0.47954     58.02746
0.47978     58.01971
0.48003     58.01196
0.48027     58.00420
0.48051     57.99645
0.48076     57.98870
0.48100     57.98094
0.48125     57.97319
0.48149     57.96543
0.48174     57.95768
0.48198     57.94993
0.48223     57.94217
0.48247     57.93442
0.48272     57.92666
0.48321     57.92534
0.48371     57.92401
0.48421     57.92269
0.48470     57.92136
0.48520     57.92004
0.48570     57.91871
0.48619     57.91739
0.48669     57.91606
0.48719     57.91474
0.48768     57.91341
0.48818     57.91209
0.48868     57.91071
0.48918     57.90934
0.48968     57.90796
0.49018     57.90659
0.49068     57.90521
0.49117     57.90384
0.49167     57.90246
0.49217     57.90109
0.49267     57.89971
0.49317     57.89834
0.49367     57.89696
0.49416     57.89009
0.49464     57.88322
0.49513     57.87635
0.49562     57.86948
0.49611     57.86260
0.49659     57.85573
0.49708     57.84886
0.49757     57.84199
0.49806     57.83511
0.49854     57.82824
0.49903     57.82137
0.49950     57.80934
0.49997     57.79732
0.50044     57.78529
0.50092     57.77327
0.50139     57.76124
0.50186     57.74921
0.50233     57.73719
0.50280     57.72516
0.50327     57.71314
0.50374     57.70111
0.50421     57.68908
0.50471     57.68701
0.50521     57.68494
0.50571     57.68286
0.50621     57.68079
0.50670     57.67871
0.50720     57.67664
0.50770     57.67457
0.50820     57.67249
0.50869     57.67042
0.50919     57.66834
0.50969     57.66627
0.51018     57.66562
0.51068     57.66496
0.51117     57.66431
0.51166     57.66366
0.51215     57.66300
0.51265     57.66235
0.51314     57.66169
0.51363     57.66104
0.51412     57.66039
0.51462     57.65973
0.51511     57.65908
0.51561     57.66326
0.51611     57.66744
0.51661     57.67162
0.51711     57.67580
0.51761     57.67998
0.51811     57.68416
0.51861     57.68834
0.51911     57.69252
0.51961     57.69670
0.52011     57.70088
0.52061     57.70506
0.52111     57.71029
0.52161     57.71552
0.52212     57.72075
0.52262     57.72598
0.52312     57.73121
0.52362     57.73644
0.52412     57.74167
0.52462     57.74690
0.52513     57.75213
0.52563     57.75736
0.52613     57.76259
0.52662     57.76615
0.52711     57.76971
0.52760     57.77327
0.52809     57.77683
0.52858     57.78039
0.52908     57.78394
0.52957     57.78750
0.53006     57.79106
0.53055     57.79462
0.53104     57.79818
0.53153     57.80174
0.53202     57.80615
0.53251     57.81057
0.53301     57.81498
0.53350     57.81940
0.53399     57.82381
0.53448     57.82823
0.53498     57.83264
0.53547     57.83706
0.53596     57.84147
0.53645     57.84589
0.53695     57.85030
0.53744     57.85705
0.53794     57.86379
0.53843     57.87054
0.53893     57.87728
0.53942     57.88403
0.53992     57.89077
0.54041     57.89752
0.54091     57.90426
0.54140     57.91101
0.54190     57.91775
0.54239     57.92450
0.54289     57.93247
0.54338     57.94043
0.54387     57.94840
0.54436     57.95636
0.54486     57.96433
0.54535     57.97229
0.54584     57.98026
0.54633     57.98822
0.54683     57.99619
0.54732     58.00415
0.54781     58.01212
0.54830     58.01997
0.54879     58.02781
0.54928     58.03566
0.54977     58.04351
0.55026     58.05135
0.55076     58.05920
0.55125     58.06704
0.55174     58.07489
0.55223     58.08274
0.55272     58.09058
0.55321     58.09843
0.55370     58.10854
0.55418     58.11866
0.55467     58.12877
0.55516     58.13889
0.55564     58.14900
0.55613     58.15911
0.55662     58.16923
0.55710     58.17934
0.55759     58.18946
0.55808     58.19957
0.55856     58.20968
0.55905     58.22054
0.55954     58.23140
0.56002     58.24225
0.56051     58.25311
0.56099     58.26396
0.56148     58.27482
0.56196     58.28568
0.56245     58.29653
0.56293     58.30739
0.56342     58.31824
0.56391     58.32910
0.56439     58.33926
0.56488     58.34941
0.56537     58.35957
0.56586     58.36972
0.56635     58.37988
0.56684     58.39004
0.56733     58.40019
0.56782     58.41035
0.56831     58.42050
0.56880     58.43066
0.56929     58.44081
0.56978     58.44991
0.57027     58.45901
0.57076     58.46810
0.57125     58.47720
0.57174     58.48629
0.57222     58.49539
0.57271     58.50448
0.57320     58.51358
0.57369     58.52267
0.57418     58.53177
0.57467     58.54086
0.57516     58.55039
0.57565     58.55991
0.57614     58.56943
0.57663     58.57895
0.57712     58.58847
0.57761     58.59799
0.57810     58.60751
0.57859     58.61704
0.57908     58.62656
0.57957     58.63608
0.58005     58.64560
0.58054     58.65534
0.58103     58.66508
0.58152     58.67481
0.58201     58.68455
0.58250     58.69429
0.58299     58.70403
0.58348     58.71376
0.58397     58.72350
0.58446     58.73324
0.58495     58.74298
0.58544     58.75271
0.58593     58.76247
0.58642     58.77222
0.58691     58.78197
0.58740     58.79173
0.58789     58.80148
0.58837     58.81123
0.58886     58.82099
0.58935     58.83074
0.58984     58.84049
0.59033     58.85025
0.59082     58.86000
0.59131     58.86975
0.59180     58.87950
0.59229     58.88925
0.59278     58.89900
0.59327     58.90875
0.59376     58.91850
0.59425     58.92825
0.59474     58.93800
0.59523     58.94775
0.59572     58.95750
0.59620     58.96726
0.59669     58.97700
0.59718     58.98674
0.59767     58.99648
0.59816     59.00622
0.59865     59.01596
0.59914     59.02571
0.59963     59.03545
0.60012     59.04519
0.60061     59.05493
0.60110     59.06467
0.60159     59.07442
0.60208     59.08416
0.60257     59.09391
0.60306     59.10366
0.60355     59.11341
0.60404     59.12316
0.60452     59.13291
0.60501     59.14266
0.60550     59.15241
0.60599     59.16216
0.60648     59.17191
0.60697     59.18166
0.60746     59.19140
0.60795     59.20115
0.60844     59.21089
0.60893     59.22064
0.60942     59.23038
0.60991     59.24012
0.61040     59.24987
0.61089     59.25961
0.61138     59.26936
0.61187     59.27910
0.61235     59.28885
0.61284     59.29860
0.61333     59.30835
0.61382     59.31810
0.61431     59.32786
0.61480     59.33761
0.61529     59.34736
0.61578     59.35711
0.61627     59.36686
0.61676     59.37661
0.61725     59.38636
0.61774     59.39611
0.61823     59.40585
0.61872     59.41559
0.61921     59.42533
0.61970     59.43507
0.62019     59.44481
0.62067     59.45455
0.62116     59.46429
0.62165     59.47403
0.62214     59.48377
0.62263     59.49351
0.62312     59.50325
0.62361     59.51300
0.62410     59.52276
0.62459     59.53251
0.62508     59.54227
0.62557     59.55202
0.62606     59.56178
0.62655     59.57153
0.62704     59.58129
0.62753     59.59104
0.62802     59.60080
0.62850     59.61055
0.62899     59.62029
0.62948     59.63003
0.62997     59.63976
0.63046     59.64950
0.63095     59.65924
0.63144     59.66898
0.63193     59.67871
0.63242     59.68845
0.63291     59.69819
0.63340     59.70793
0.63389     59.71766
0.63438     59.72742
0.63487     59.73717
0.63536     59.74692
0.63585     59.75668
0.63634     59.76643
0.63682     59.77618
0.63731     59.78594
0.63780     59.79569
0.63829     59.80544
0.63878     59.81520
0.63927     59.82495
0.63976     59.83470
0.64025     59.84445
0.64074     59.85420
0.64123     59.86395
0.64172     59.87370
0.64221     59.88345
0.64270     59.89320
0.64319     59.90295
0.64368     59.91270
0.64417     59.92245
0.64465     59.93220
0.64514     59.94195
0.64563     59.95169
0.64612     59.96143
0.64661     59.97117
0.64710     59.98091
0.64759     59.99066
0.64808     60.00040
0.64857     60.01014
0.64906     60.01988
0.64955     60.02962
0.65004     60.03936
0.65053     60.04911
0.65102     60.05886
0.65151     60.06861
0.65200     60.07836
0.65249     60.08811
0.65297     60.09786
0.65346     60.10761
0.65395     60.11736
0.65444     60.12711
0.65493     60.13686
0.65542     60.14661
0.65599     60.15635
0.65657     60.16609
0.65714     60.17584
0.65772     60.18559
0.65829     60.19533
0.65886     60.20508
0.65944     60.21482
0.66001     60.22456
0.66059     60.23431
0.66116     60.24405
0.66173     60.25380
0.66234     60.26355
0.66294     60.27330
0.66354     60.28305
0.66414     60.29281
0.66474     60.30256
0.66534     60.31231
0.66594     60.32206
0.66655     60.33181
0.66715     60.34156
0.66775     60.35131
0.66835     60.36106
0.66895     60.37080
0.66955     60.38054
0.67016     60.39028
0.67076     60.40002
0.67136     60.40976
0.67196     60.41950
0.67256     60.42924
0.67316     60.43898
0.67377     60.44872
0.67437     60.45846
0.67497     60.46820
0.67557     60.47795
0.67617     60.48771
0.67677     60.49746
0.67738     60.50722
0.67798     60.51697
0.67858     60.52673
0.67918     60.53648
0.67978     60.54624
0.68038     60.55599
0.68098     60.56575
0.68158     60.57550
0.68219     60.58524
0.68279     60.59498
0.68339     60.60471
0.68399     60.61445
0.68459     60.62419
0.68519     60.63393
0.68579     60.64366
0.68640     60.65340
0.68700     60.66314
0.68760     60.67288
0.68820     60.68261
0.68880     60.69237
0.68940     60.70212
0.69001     60.71187
0.69061     60.72163
0.69121     60.73138
0.69181     60.74113
0.69241     60.75089
0.69301     60.76064
0.69362     60.77039
0.69422     60.78015
0.69482     60.78990
0.69517     60.79797
0.69551     60.80604
0.69586     60.81411
0.69621     60.82217
0.69655     60.83024
0.69690     60.83831
0.69725     60.84638
0.69759     60.85445
0.69794     60.86252
0.69829     60.87059
0.69863     60.87866
0.69863     60.87866