#     D        Lambda1     TE = O10
0.0001    40.1735
0.00018      40.224999999999994
0.00036      40.25999999999999
0.00054      40.29499999999999
0.00072      40.329999999999984
0.0009000000000000001      40.36499999999998
0.00108      40.39999999999998
0.00126      40.434999999999974
0.00144      40.46999999999997
0.0016200000000000001      40.50499999999997
0.0018000000000000002      40.539999999999964
0.00213     40.58905
0.00226     40.63000
0.00239     40.67094
0.00252     40.71188
0.00265     40.75283
0.00278     40.79377
0.00292     40.83471
0.00305     40.87566
0.00318     40.91660
0.00331     40.95754
0.00344     40.99849
0.00357     41.03943
0.00363     41.08109
0.00370     41.12275
0.00376     41.16441
0.00383     41.20607
0.00389     41.24773
0.00396     41.28940
0.00402     41.33106
0.00409     41.37272
0.00415     41.41438
0.00422     41.45604
0.00428     41.49770
0.00439     41.53810
0.00450     41.57851
0.00462     41.61891
0.00473     41.65931
0.00484     41.69972
0.00495     41.74012
0.00507     41.78052
0.00518     41.82093
0.00529     41.86133
0.00540     41.90173
0.00551     41.94214
0.00561     41.98319
0.00571     42.02425
0.00581     42.06530
0.00591     42.10636
0.00601     42.14741
0.00611     42.18847
0.00621     42.22952
0.00631     42.27058
0.00641     42.31163
0.00651     42.35269
0.00660     42.39374
0.00669     42.43577
0.00678     42.47780
0.00687     42.51983
0.00696     42.56186
0.00705     42.60389
0.00714     42.64592
0.00723     42.68795
0.00732     42.72998
0.00741     42.77201
0.00750     42.81404
0.00759     42.85607
0.00767     42.89751
0.00775     42.93895
0.00783     42.98039
0.00791     43.02183
0.00799     43.06327
0.00807     43.10471
0.00815     43.14615
0.00823     43.18760
0.00831     43.22904
0.00839     43.27048
0.00847     43.31192
0.00855     43.35422
0.00864     43.39651
0.00872     43.43881
0.00880     43.48111
0.00889     43.52341
0.00897     43.56570
0.00906     43.60800
0.00914     43.65030
0.00922     43.69260
0.00931     43.73489
0.00939     43.77719
0.00947     43.81949
0.00956     43.86178
0.00964     43.90408
0.00972     43.94638
0.00981     43.98867
0.00989     44.03097
0.00997     44.07327
0.01006     44.11556
0.01014     44.15786
0.01022     44.20016
0.01030     44.24245
0.01042     44.28335
0.01053     44.32424
0.01064     44.36513
0.01075     44.40602
0.01087     44.44691
0.01098     44.48780
0.01109     44.52869
0.01120     44.56959
0.01132     44.61048
0.01143     44.65137
0.01154     44.69226
0.01167     44.73306
0.01180     44.77386
0.01194     44.81466
0.01207     44.85546
0.01220     44.89626
0.01233     44.93707
0.01246     44.97787
0.01259     45.01867
0.01273     45.05947
0.01286     45.10027
0.01299     45.14107
0.01309     45.18155
0.01320     45.22203
0.01330     45.26251
0.01341     45.30299
0.01351     45.34347
0.01362     45.38395
0.01372     45.42443
0.01383     45.46491
0.01393     45.50539
0.01404     45.54587
0.01414     45.58635
0.01425     45.62723
0.01436     45.66812
0.01447     45.70899
0.01457     45.74987
0.01468     45.79075
0.01479     45.83163
0.01490     45.87251
0.01501     45.91340
0.01512     45.95427
0.01523     45.99515
0.01533     46.03603
0.01548     46.07531
0.01562     46.11458
0.01576     46.15385
0.01590     46.19312
0.01604     46.23240
0.01618     46.27167
0.01632     46.31094
0.01647     46.35021
0.01661     46.38949
0.01675     46.42876
0.01689     46.46803
0.01703     46.50696
0.01717     46.54590
0.01731     46.58483
0.01745     46.62376
0.01759     46.66269
0.01773     46.70163
0.01787     46.74056
0.01801     46.77949
0.01815     46.81842
0.01829     46.85736
0.01843     46.89629
0.01858     46.93621
0.01872     46.97614
0.01887     47.01606
0.01901     47.05598
0.01916     47.09590
0.01930     47.13583
0.01945     47.17575
0.01959     47.21567
0.01974     47.25559
0.01988     47.29552
0.02003     47.33544
0.02022     47.37321
0.02042     47.41098
0.02061     47.44875
0.02080     47.48652
0.02099     47.52429
0.02119     47.56205
0.02138     47.59982
0.02157     47.63759
0.02176     47.67536
0.02196     47.71313
0.02215     47.75090
0.02234     47.78862
0.02254     47.82633
0.02273     47.86405
0.02293     47.90176
0.02312     47.93948
0.02332     47.97719
0.02351     48.01491
0.02371     48.05262
0.02390     48.09034
0.02410     48.12805
0.02429     48.16577
0.02444     48.20468
0.02459     48.24359
0.02473     48.28250
0.02488     48.32141
0.02503     48.36032
0.02518     48.39923
0.02532     48.43814
0.02547     48.47705
0.02562     48.51596
0.02577     48.55487
0.02592     48.59378
0.02606     48.63268
0.02621     48.67158
0.02636     48.71047
0.02651     48.74937
0.02666     48.78827
0.02680     48.82716
0.02695     48.86606
0.02710     48.90496
0.02725     48.94385
0.02740     48.98275
0.02755     49.02165
0.02769     49.06055
0.02784     49.09945
0.02799     49.13835
0.02814     49.17725
0.02829     49.21615
0.02844     49.25505
0.02859     49.29395
0.02874     49.33285
0.02889     49.37175
0.02904     49.41065
0.02919     49.44955
0.02933     49.48843
0.02946     49.52730
0.02960     49.56618
0.02974     49.60506
0.02988     49.64394
0.03001     49.68281
0.03015     49.72169
0.03029     49.76057
0.03043     49.79945
0.03056     49.83832
0.03070     49.87720
0.03083     49.91720
0.03096     49.95721
0.03110     49.99721
0.03123     50.03722
0.03136     50.07722
0.03149     50.11723
0.03162     50.15723
0.03175     50.19724
0.03189     50.23724
0.03202     50.27725
0.03215     50.31725
0.03227     50.35942
0.03239     50.40159
0.03252     50.44376
0.03264     50.48592
0.03276     50.52809
0.03288     50.57026
0.03301     50.61243
0.03313     50.65460
0.03325     50.69677
0.03337     50.73894
0.03350     50.78110
0.03357     50.82348
0.03365     50.86585
0.03373     50.90822
0.03381     50.95059
0.03389     50.99297
0.03396     51.03534
0.03404     51.07771
0.03412     51.12008
0.03420     51.16246
0.03428     51.20483
0.03436     51.24720
0.03443     51.28839
0.03451     51.32958
0.03458     51.37077
0.03466     51.41196
0.03473     51.45315
0.03481     51.49434
0.03488     51.53553
0.03495     51.57672
0.03503     51.61791
0.03511     51.65910
0.03518     51.70029
0.03527     51.74199
0.03536     51.78369
0.03545     51.82539
0.03554     51.86709
0.03563     51.90879
0.03572     51.95049
0.03581     51.99219
0.03590     52.03389
0.03599     52.07559
0.03608     52.11729
0.03616     52.15899
0.03624     52.20076
0.03631     52.24253
0.03638     52.28431
0.03645     52.32608
0.03652     52.36785
0.03659     52.40963
0.03666     52.45140
0.03673     52.49317
0.03680     52.53495
0.03687     52.57672
0.03695     52.61850
0.03702     52.66185
0.03709     52.70520
0.03716     52.74856
0.03724     52.79192
0.03731     52.83527
0.03738     52.87862
0.03746     52.92198
0.03753     52.96533
0.03760     53.00869
0.03768     53.05204
0.03775     53.09540
0.03784     53.13727
0.03792     53.17914
0.03801     53.22102
0.03809     53.26289
0.03818     53.30476
0.03826     53.34663
0.03835     53.38850
0.03843     53.43037
0.03852     53.47225
0.03860     53.51412
0.03869     53.55599
0.03875     53.59850
0.03881     53.64100
0.03888     53.68351
0.03894     53.72601
0.03900     53.76852
0.03906     53.81102
0.03912     53.85353
0.03918     53.89603
0.03925     53.93854
0.03931     53.98104
0.03937     54.02355
0.03942     54.06556
0.03947     54.10756
0.03952     54.14957
0.03956     54.19157
0.03961     54.23358
0.03966     54.27558
0.03971     54.31759
0.03976     54.35959
0.03981     54.40160
0.03986     54.44360
0.03990     54.48560
0.03993     54.53053
0.03995     54.57545
0.03997     54.62038
0.03999     54.66530
0.04001     54.71023
0.04003     54.75516
0.04005     54.80008
0.04008     54.84501
0.04010     54.88993
0.04012     54.93485
0.04014     54.97978
0.04019     55.02041
0.04023     55.06103
0.04028     55.10166
0.04033     55.14228
0.04038     55.18291
0.04042     55.22354
0.04047     55.26416
0.04052     55.30479
0.04057     55.34541
0.04061     55.38604
0.04066     55.42666
0.04077     55.46774
0.04087     55.50881
0.04098     55.54988
0.04108     55.59096
0.04119     55.63203
0.04129     55.67310
0.04140     55.71418
0.04150     55.75525
0.04161     55.79632
0.04171     55.83740
0.04182     55.87847
0.04191     55.91943
0.04201     55.96039
0.04210     56.00135
0.04220     56.04230
0.04229     56.08326
0.04239     56.12422
0.04248     56.16518
0.04258     56.20614
0.04267     56.24710
0.04277     56.28806
0.04286     56.32901
0.04294     56.37178
0.04302     56.41455
0.04311     56.45732
0.04319     56.50008
0.04327     56.54285
0.04335     56.58562
0.04344     56.62838
0.04352     56.67115
0.04360     56.71392
0.04368     56.75668
0.04376     56.79945
0.04384     56.84442
0.04392     56.88939
0.04399     56.93436
0.04407     56.97934
0.04414     57.02431
0.04422     57.06928
0.04429     57.11425
0.04437     57.15922
0.04444     57.20419
0.04452     57.24916
0.04459     57.29413
0.04461     57.33952
0.04462     57.38490
0.04464     57.43028
0.04465     57.47567
0.04466     57.52105
0.04468     57.56643
0.04469     57.61182
0.04470     57.65720
0.04472     57.70258
0.04473     57.74797
0.04474     57.79335
0.04476     57.84149
0.04477     57.88962
0.04479     57.93776
0.04480     57.98590
0.04482     58.03403
0.04483     58.08217
0.04485     58.13030
0.04486     58.17844
0.04488     58.22658
0.04489     58.27471
0.04491     58.32285
0.04493     58.36755
0.04494     58.41224
0.04496     58.45694
0.04497     58.50164
0.04499     58.54633
0.04500     58.59103
0.04502     58.63572
0.04503     58.68042
0.04505     58.72512
0.04506     58.76981
0.04508     58.81451
0.04510     58.85591
0.04512     58.89732
0.04514     58.93872
0.04516     58.98012
0.04518     59.02153
0.04520     59.06293
0.04522     59.10433
0.04524     59.14574
0.04526     59.18714
0.04528     59.22854
0.04530     59.26994
0.04533     59.31625
0.04535     59.36255
0.04537     59.40885
0.04540     59.45515
0.04542     59.50146
0.04544     59.54776
0.04547     59.59406
0.04549     59.64036
0.04551     59.68667
0.04554     59.73297
0.04556     59.77927
0.04560     59.82329
0.04564     59.86732
0.04568     59.91134
0.04571     59.95537
0.04575     59.99939
0.04579     60.04341
0.04583     60.08744
0.04587     60.13146
0.04591     60.17549
0.04595     60.21951
0.04598     60.26354
0.04604     60.31371
0.04609     60.36388
0.04614     60.41406
0.04619     60.46423
0.04624     60.51440
0.04630     60.56458
0.04635     60.61475
0.04640     60.66492
0.04645     60.71510
0.04650     60.76527
0.04655     60.81544
0.04658     60.86011
0.04661     60.90478
0.04664     60.94945
0.04667     60.99412
0.04670     61.03879
0.04673     61.08346
0.04676     61.12813
0.04678     61.17280
0.04681     61.21747
0.04684     61.26214
0.04687     61.30681
0.04691     61.35220
0.04695     61.39760
0.04698     61.44299
0.04702     61.48838
0.04706     61.53378
0.04710     61.57917
0.04714     61.62456
0.04718     61.66996
0.04721     61.71535
0.04725     61.76074
0.04729     61.80613
0.04732     61.84861
0.04736     61.89108
0.04739     61.93355
0.04742     61.97602
0.04746     62.01849
0.04749     62.06096
0.04753     62.10343
0.04756     62.14590
0.04759     62.18837
0.04763     62.23084
0.04766     62.27332
0.04769     62.31789
0.04773     62.36246
0.04776     62.40703
0.04780     62.45160
0.04783     62.49617
0.04786     62.54074
0.04790     62.58531
0.04793     62.62989
0.04797     62.67446
0.04800     62.71903
0.04804     62.76360
0.04805     62.80419
0.04806     62.84478
0.04808     62.88537
0.04809     62.92596
0.04810     62.96655
0.04812     63.00714
0.04813     63.04773
0.04814     63.08832
0.04816     63.12891
0.04817     63.16950
0.04818     63.21009
0.04816     63.25150
0.04813     63.29290
0.04810     63.33431
0.04808     63.37571
0.04805     63.41712
0.04802     63.45853
0.04799     63.49993
0.04797     63.54134
0.04794     63.58274
0.04791     63.62415
0.04788     63.66555
0.04790     63.71062
0.04792     63.75569
0.04793     63.80076
0.04795     63.84583
0.04797     63.89090
0.04798     63.93597
0.04800     63.98104
0.04802     64.02611
0.04803     64.07118
0.04805     64.11625
0.04806     64.16132
0.04812     64.20104
0.04817     64.24076
0.04823     64.28048
0.04828     64.32020
0.04834     64.35992
0.04839     64.39965
0.04845     64.43937
0.04850     64.47909
0.04856     64.51881
0.04861     64.55853
0.04866     64.59825
0.04865     64.63825
0.04864     64.67825
0.04862     64.71824
0.04861     64.75824
0.04860     64.79823
0.04858     64.83823
0.04857     64.87822
0.04856     64.91822
0.04854     64.95821
0.04853     64.99821
0.04852     65.03821
0.04850     65.07820
0.04849     65.11820
0.04848     65.15819
0.04846     65.19819
0.04845     65.23818
0.04844     65.27818
0.04842     65.31817
0.04841     65.35817
0.04840     65.39816
0.04838     65.43816
0.04837     65.47816
0.04836     65.51815
0.04834     65.55815
0.04833     65.59814
0.04831     65.63814
0.04830     65.67813
0.04829     65.71813
0.04827     65.75812
0.04826     65.79812
0.04824     65.83811
0.04823     65.87811
0.04821     65.91811
0.04820     65.95810
0.04819     65.99810
0.04817     66.03809
0.04816     66.07809
0.04815     66.11808
0.04813     66.15808
0.04812     66.19807
0.04811     66.23807
0.04809     66.27806
0.04808     66.31806
0.04806     66.35805
0.04805     66.39927
0.04803     66.44049
0.04801     66.48171
0.04799     66.52293
0.04797     66.56415
0.04796     66.60537
0.04794     66.64659
0.04792     66.68781
0.04790     66.72903
0.04788     66.77025
0.04787     66.81147
0.04784     66.85210
0.04781     66.89273
0.04778     66.93336
0.04775     66.97399
0.04772     67.01462
0.04768     67.05524
0.04765     67.09587
0.04762     67.13650
0.04759     67.17713
0.04756     67.21776
0.04753     67.25839
0.04750     67.29902
0.04747     67.33965
0.04744     67.38028
0.04741     67.42090
0.04738     67.46153
0.04735     67.50216
0.04732     67.54279
0.04729     67.58342
0.04726     67.62405
0.04723     67.66468
0.04720     67.70531
0.04718     67.74537
0.04716     67.78544
0.04714     67.82551
0.04712     67.86557
0.04710     67.90564
0.04708     67.94571
0.04706     67.98577
0.04704     68.02584
0.04702     68.06591
0.04700     68.10597
0.04698     68.14604
0.04697     68.18509
0.04695     68.22414
0.04694     68.26318
0.04692     68.30223
0.04691     68.34128
0.04689     68.38033
0.04688     68.41938
0.04686     68.45843
0.04685     68.49747
0.04683     68.53652
0.04681     68.57557
0.04680     68.61693
0.04678     68.65829
0.04677     68.69965
0.04675     68.74101
0.04674     68.78237
0.04672     68.82374
0.04671     68.86510
0.04669     68.90646
0.04668     68.94782
0.04666     68.98918
0.04665     69.03054
0.04671     69.07393
0.04677     69.11733
0.04683     69.16072
0.04688     69.20412
0.04694     69.24751
0.04700     69.29091
0.04706     69.33430
0.04712     69.37770
0.04718     69.42109
0.04724     69.46449
0.04730     69.50788
0.04736     69.54888
0.04742     69.58987
0.04749     69.63087
0.04755     69.67186
0.04762     69.71286
0.04768     69.75386
0.04774     69.79485
0.04781     69.83585
0.04787     69.87684
0.04794     69.91784
0.04800     69.95883
0.04800     70.00014
0.04800     70.04145
0.04800     70.08276
0.04800     70.12407
0.04800     70.16538
0.04800     70.20669
0.04800     70.24800
0.04800     70.28931
0.04800     70.33062
0.04800     70.37193
0.04800     70.41324
0.04800     70.45455
0.04800     70.49587
0.04800     70.53718
0.04800     70.57849
0.04800     70.61981
0.04800     70.66112
0.04800     70.70244
0.04800     70.74375
0.04800     70.78506
0.04800     70.82638
0.04800     70.86769
0.04800     70.90900
0.04800     70.95032
0.04800     70.99163
0.04800     71.03294
0.04800     71.07426
0.04800     71.11557
0.04800     71.15689
0.04800     71.19820
0.04800     71.23951
0.04800     71.28083
0.04800     71.32214
0.04800     71.36345
0.04800     71.40477
0.04800     71.44608
0.04800     71.48739
0.04800     71.52871
0.04800     71.57002
0.04800     71.61134
0.04800     71.65265
0.04800     71.69396
0.04800     71.73528
0.04800     71.77659
0.04800     71.81790
0.04800     71.85922
0.04800     71.90053
0.04800     71.94184
0.04800     71.98316
0.04800     72.02447
0.04800     72.06579
0.04800     72.10710
0.04800     72.14841
0.04800     72.18973
0.04800     72.23104
0.04800     72.27235
0.04800     72.31367
0.04800     72.35498
0.04800     72.39629
0.04800     72.43761
0.04800     72.47892
0.04800     72.52024
0.04800     72.56155
0.04800     72.60286
0.04800     72.64418
0.04800     72.68549
0.04800     72.72537
0.04800     72.76525
0.04800     72.80514
0.04801     72.84502
0.04801     72.88490
0.04801     72.92478
0.04801     72.96466
0.04801     73.00454
0.04801     73.04443
0.04801     73.08431
0.04802     73.12419
0.04803     73.16345
0.04805     73.20270
0.04806     73.24196
0.04808     73.28121
0.04809     73.32047
0.04811     73.35973
0.04812     73.39898
0.04814     73.43824
0.04815     73.47749
0.04817     73.51675
0.04818     73.55600
0.04820     73.59488
0.04821     73.63375
0.04823     73.67262
0.04824     73.71150
0.04826     73.75037
0.04827     73.78924
0.04829     73.82811
0.04830     73.86699
0.04832     73.90586
0.04833     73.94473
0.04835     73.98361
0.04836     74.02494
0.04837     74.06627
0.04838     74.10760
0.04839     74.14893
0.04840     74.19026
0.04840     74.23159
0.04841     74.27292
0.04842     74.31425
0.04843     74.35558
0.04844     74.39691
0.04845     74.43824
0.04845     74.47955
0.04845     74.52087
0.04845     74.56218
0.04845     74.60349
0.04845     74.64481
0.04845     74.68612
0.04845     74.72744
0.04845     74.76875
0.04845     74.81006
0.04845     74.85138
0.04845     74.89269
0.04845     74.93400
0.04845     74.97532
0.04845     75.01663
0.04845     75.05794
0.04845     75.09926
0.04845     75.14057
0.04845     75.18189
0.04845     75.22320
0.04845     75.26451
0.04845     75.30583
0.04845     75.34714
0.04845     75.38845
0.04845     75.42977
0.04845     75.47108
0.04845     75.51239
0.04845     75.55371
0.04845     75.59502
0.04845     75.63634
0.04845     75.67765
0.04845     75.71896
0.04845     75.76028
0.04845     75.80159
0.04845     75.84290
0.04845     75.88422
0.04845     75.92553
0.04845     75.96684
0.04845     76.00816
0.04845     76.04947
0.04845     76.09079
0.04845     76.13210
0.04845     76.17341
0.04845     76.21473
0.04845     76.25604
0.04845     76.29735
0.04845     76.33867
0.04845     76.37998
0.04845     76.42129
0.04845     76.46261
0.04845     76.50392
0.04845     76.54524
0.04845     76.58655
0.04845     76.62786
0.04845     76.66918
0.04845     76.71049
0.04845     76.75180
0.04845     76.79312
0.04845     76.83443
0.04845     76.87574
0.04845     76.91706
0.04845     76.95837
0.04845     76.99969
0.04845     77.04100
0.04845     77.08231
0.04845     77.12363
0.04845     77.16494
0.04845     77.20625
0.04845     77.24757
0.04845     77.28888
0.04845     77.33019
0.04845     77.37151
0.04845     77.41282
0.04845     77.45414
0.04845     77.49545
0.04845     77.53676
0.04845     77.57808
0.04845     77.61939
0.04845     77.66070
0.04845     77.70202
0.04845     77.74333
0.04845     77.78464
0.04845     77.82596
0.04845     77.86727
0.04845     77.90859
0.04845     77.94990
0.04845     77.99121
0.04845     78.03253
0.04845     78.07384
0.04845     78.11515
0.04845     78.15647
0.04845     78.19778
0.04845     78.23909
0.04845     78.28041
0.04845     78.32172
0.04845     78.36304
0.04845     78.40435
0.04845     78.44566
0.04845     78.48698
0.04845     78.52829
0.04845     78.56960
0.04845     78.61092
0.04845     78.65223
0.04845     78.69354
0.04845     78.73486
0.04845     78.77617
0.04845     78.81749
0.04845     78.85880
0.04845     78.90011
0.04845     78.94143
0.04845     78.98274
0.04845     79.02405
0.04845     79.06537
0.04845     79.10668
0.04845     79.14799
0.04845     79.18931
0.04845     79.23062
0.04845     79.27194
0.04845     79.31325
0.04845     79.35456
0.04845     79.39588
0.04845     79.43719
0.04845     79.47850
0.04845     79.51982
0.04845     79.56113
0.04845     79.60244
0.04845     79.64376
0.04845     79.68507
0.04845     79.72639
0.04845     79.76770
0.04845     79.80901
0.04845     79.85033
0.04845     79.89164
0.04845     79.93295
0.04845     79.97427
0.04845     80.01558
0.04845     80.05689
0.04845     80.09821
0.04845     80.13952
0.04845     80.18084
0.04845     80.22215
0.04845     80.26346
0.04845     80.30478
0.04845     80.34609
0.04845     80.38740
0.04845     80.42872
0.04845     80.47003
0.04845     80.51134
0.04845     80.55266
0.04845     80.59397
0.04845     80.63529
0.04845     80.67660
0.04845     80.71791
0.04845     80.75923
0.04845     80.80054
0.04845     80.84185
0.04845     80.88317
0.04845     80.92448
0.04845     80.96579
0.04845     81.00711
0.04845     81.04842
0.04845     81.08974
0.04845     81.13105
0.04845     81.17236
0.04845     81.21368
0.04845     81.25499
0.04845     81.29630
0.04845     81.33762
0.04845     81.37893
0.04845     81.42024
0.04845     81.46156
0.04845     81.50287
0.04845     81.54419
0.04845     81.58550
0.04845     81.62681
0.04845     81.66813
0.04845     81.70944
0.04845     81.75075
0.04845     81.79207
0.04845     81.83338
0.04845     81.87469
0.04845     81.91601
0.04845     81.95732
0.04845     81.99864
0.04845     82.03995
0.04845     82.08126
0.04845     82.12258
0.04845     82.16389
0.04845     82.20520
0.04845     82.24652
0.04845     82.28783
0.04845     82.32914
0.04845     82.37046
0.04845     82.41177
0.04845     82.45309
0.04845     82.49440
0.04845     82.53571
0.04845     82.57703
0.04845     82.61834
0.04845     82.65965
0.04845     82.70097
0.04845     82.74228
0.04845     82.78359
0.04845     82.82491
0.04845     82.86622
0.04845     82.90754
0.04845     82.94885
0.04845     82.99016
0.04845     83.03148
0.04845     83.07279
0.04845     83.11410
0.04845     83.15542
0.04845     83.19673
0.04845     83.23804
0.04845     83.27936
0.04845     83.32067
0.04845     83.36199
0.04845     83.40330
0.04845     83.44461
0.04845     83.48593
0.04845     83.52724
0.04845     83.56855
0.04845     83.60987
0.04845     83.65118
0.04845     83.69249
0.04845     83.73381
0.04845     83.77512
0.04845     83.81644
0.04845     83.85775
0.04845     83.89906
0.04845     83.94038
0.04845     83.98169
0.04845     84.02300
0.04845     84.06432
0.04845     84.10563
0.04845     84.14694
0.04845     84.18826
0.04845     84.22957
0.04845     84.27089
0.04845     84.31220
0.04845     84.35351
0.04845     84.39483
0.04845     84.43614
0.04845     84.47745
0.04845     84.51877
0.04845     84.56008
0.04845     84.60139
0.04845     84.64271
0.04845     84.68402
0.04845     84.72534
0.04845     84.76665
0.04845     84.80796
0.04845     84.84928
0.04845     84.89059
0.04845     84.90054
0.04845     84.91049
0.04845     84.92044
0.04845     84.93039
0.04845     84.94034
0.04845     84.95030
0.04845     84.96025
0.04845     84.97020
0.04845     84.98015
0.04845     84.99010
0.04845     85.00005
0.04845     85.00005
