#      D       Lambda1    TE = 
0.4324    85.0195
0.43256     85.29220
0.43297     85.24638
0.43339     85.20056
0.43381     85.15474
0.43423     85.10891
0.43464     85.06309
0.43506     85.01727
0.43548     84.97144
0.43590     84.92562
0.43631     84.87980
0.43673     84.83397
0.43715     84.78815
0.43757     84.74231
0.43799     84.69648
0.43840     84.65064
0.43882     84.60480
0.43924     84.55897
0.43966     84.51313
0.44007     84.46729
0.44049     84.42146
0.44091     84.37562
0.44133     84.32978
0.44175     84.28394
0.44216     84.23811
0.44258     84.19228
0.44300     84.14645
0.44342     84.10062
0.44384     84.05479
0.44426     84.00896
0.44468     83.96313
0.44510     83.91729
0.44552     83.87146
0.44594     83.82563
0.44635     83.77980
0.44677     83.73397
0.44719     83.68815
0.44761     83.64232
0.44803     83.59649
0.44844     83.55066
0.44886     83.50484
0.44928     83.45901
0.44970     83.41318
0.45011     83.36735
0.45053     83.32153
0.45095     83.27570
0.45137     83.22986
0.45179     83.18403
0.45220     83.13819
0.45262     83.09235
0.45304     83.04652
0.45346     83.00068
0.45387     82.95484
0.45429     82.90901
0.45471     82.86317
0.45513     82.81733
0.45554     82.77150
0.45596     82.72567
0.45638     82.67985
0.45680     82.63403
0.45722     82.58821
0.45764     82.54239
0.45806     82.49656
0.45848     82.45074
0.45890     82.40492
0.45932     82.35910
0.45974     82.31328
0.46016     82.26745
0.46047     82.21754
0.46078     82.16762
0.46109     82.11770
0.46139     82.06778
0.46171     82.01786
0.46202     81.96794
0.46233     81.91802
0.46264     81.86811
0.46294     81.81819
0.46326     81.76827
0.46357     81.71835
0.46387     81.66874
0.46418     81.61912
0.46449     81.56951
0.46480     81.51989
0.46511     81.47028
0.46542     81.42066
0.46573     81.37105
0.46603     81.32143
0.46634     81.27182
0.46665     81.22220
0.46696     81.17258
0.46730     81.12417
0.46765     81.07575
0.46799     81.02734
0.46834     80.97892
0.46869     80.93050
0.46903     80.88209
0.46938     80.83367
0.46972     80.78525
0.47007     80.73684
0.47041     80.68842
0.47076     80.64001
0.47109     80.59150
0.47142     80.54300
0.47176     80.49450
0.47209     80.44600
0.47243     80.39750
0.47276     80.34900
0.47310     80.30050
0.47343     80.25200
0.47377     80.20350
0.47410     80.15500
0.47444     80.10650
0.47466     80.05236
0.47488     79.99823
0.47511     79.94409
0.47533     79.88996
0.47555     79.83582
0.47578     79.78168
0.47600     79.72755
0.47622     79.67341
0.47645     79.61928
0.47667     79.56514
0.47690     79.51101
0.47714     79.45690
0.47738     79.40280
0.47762     79.34869
0.47786     79.29459
0.47810     79.24048
0.47835     79.18638
0.47859     79.13227
0.47883     79.07817
0.47907     79.02406
0.47931     78.96996
0.47955     78.91586
0.47977     78.86089
0.47998     78.80593
0.48019     78.75096
0.48040     78.69600
0.48061     78.64103
0.48082     78.58607
0.48103     78.53110
0.48124     78.47613
0.48145     78.42117
0.48166     78.36620
0.48187     78.31124
0.48213     78.25795
0.48238     78.20467
0.48264     78.15138
0.48290     78.09810
0.48316     78.04481
0.48341     77.99153
0.48367     77.93824
0.48393     77.88496
0.48419     77.83167
0.48444     77.77839
0.48470     77.72510
0.48498     77.67390
0.48527     77.62270
0.48556     77.57150
0.48584     77.52031
0.48613     77.46911
0.48641     77.41791
0.48670     77.36671
0.48698     77.31551
0.48727     77.26431
0.48755     77.21311
0.48784     77.16191
0.48807     77.10843
0.48830     77.05495
0.48854     77.00146
0.48877     76.94798
0.48901     76.89449
0.48924     76.84101
0.48948     76.78752
0.48971     76.73404
0.48995     76.68055
0.49018     76.62707
0.49041     76.57358
0.49066     76.51924
0.49090     76.46490
0.49115     76.41055
0.49139     76.35621
0.49164     76.30186
0.49188     76.24752
0.49213     76.19317
0.49237     76.13883
0.49262     76.08448
0.49286     76.03014
0.49311     75.97580
0.49337     75.92362
0.49363     75.87144
0.49389     75.81926
0.49415     75.76709
0.49441     75.71491
0.49468     75.66273
0.49494     75.61056
0.49520     75.55838
0.49546     75.50620
0.49572     75.45403
0.49599     75.40185
0.49626     75.35061
0.49654     75.29937
0.49682     75.24813
0.49710     75.19688
0.49738     75.14564
0.49765     75.09440
0.49793     75.04316
0.49821     74.99192
0.49849     74.94068
0.49877     74.88944
0.49904     74.83819
0.49922     74.78048
0.49940     74.72276
0.49958     74.66504
0.49976     74.60732
0.49994     74.54960
0.50011     74.49189
0.50029     74.43417
0.50047     74.37645
0.50065     74.31873
0.50083     74.26101
0.50100     74.20329
0.50124     74.14933
0.50148     74.09536
0.50172     74.04139
0.50196     73.98742
0.50220     73.93345
0.50244     73.87948
0.50268     73.82551
0.50292     73.77154
0.50316     73.71757
0.50340     73.66360
0.50364     73.60963
0.50390     73.55688
0.50415     73.50413
0.50441     73.45138
0.50467     73.39862
0.50492     73.34587
0.50518     73.29312
0.50544     73.24037
0.50569     73.18762
0.50595     73.13487
0.50621     73.08212
0.50647     73.02936
0.50669     72.97511
0.50692     72.92086
0.50715     72.86661
0.50738     72.81236
0.50761     72.75811
0.50784     72.70385
0.50807     72.64960
0.50830     72.59535
0.50853     72.54110
0.50876     72.48685
0.50899     72.43259
0.50921     72.37791
0.50943     72.32323
0.50965     72.26855
0.50987     72.21387
0.51009     72.15919
0.51031     72.10450
0.51053     72.04982
0.51075     71.99514
0.51097     71.94046
0.51119     71.88578
0.51141     71.83110
0.51166     71.77838
0.51191     71.72567
0.51216     71.67296
0.51241     71.62024
0.51266     71.56753
0.51291     71.51482
0.51316     71.46210
0.51341     71.40939
0.51366     71.35668
0.51391     71.30396
0.51416     71.25125
0.51439     71.19674
0.51462     71.14223
0.51485     71.08772
0.51508     71.03321
0.51531     70.97870
0.51554     70.92418
0.51577     70.86967
0.51600     70.81516
0.51623     70.76065
0.51646     70.70614
0.51669     70.65163
0.51693     70.59760
0.51716     70.54356
0.51740     70.48953
0.51764     70.43549
0.51788     70.38146
0.51811     70.32742
0.51835     70.27339
0.51859     70.21935
0.51883     70.16532
0.51906     70.11128
0.51930     70.05725
0.51956     70.00410
0.51982     69.95096
0.52008     69.89781
0.52034     69.84467
0.52060     69.79152
0.52086     69.73838
0.52112     69.68524
0.52138     69.63209
0.52164     69.57895
0.52190     69.52580
0.52216     69.47266
0.52247     69.42228
0.52278     69.37190
0.52309     69.32153
0.52340     69.27115
0.52371     69.22077
0.52402     69.17040
0.52433     69.12002
0.52464     69.06964
0.52495     69.01927
0.52526     68.96889
0.52557     68.91852
0.52578     68.86294
0.52599     68.80737
0.52620     68.75180
0.52641     68.69623
0.52662     68.64066
0.52683     68.58509
0.52704     68.52952
0.52725     68.47395
0.52746     68.41838
0.52767     68.36281
0.52788     68.30723
0.52815     68.25530
0.52841     68.20336
0.52867     68.15143
0.52893     68.09949
0.52919     68.04756
0.52945     67.99562
0.52971     67.94369
0.52998     67.89175
0.53024     67.83982
0.53050     67.78788
0.53076     67.73595
0.53100     67.68150
0.53125     67.62706
0.53149     67.57262
0.53174     67.51818
0.53198     67.46374
0.53223     67.40930
0.53247     67.35486
0.53272     67.30042
0.53296     67.24598
0.53321     67.19154
0.53345     67.13710
0.53367     67.08292
0.53390     67.02874
0.53412     66.97456
0.53435     66.92038
0.53457     66.86620
0.53479     66.81202
0.53502     66.75784
0.53524     66.70366
0.53547     66.64948
0.53569     66.59530
0.53592     66.54111
0.53615     66.48712
0.53638     66.43312
0.53661     66.37913
0.53684     66.32513
0.53708     66.27114
0.53731     66.21714
0.53754     66.16315
0.53777     66.10915
0.53801     66.05516
0.53824     66.00116
0.53847     65.94716
0.53869     65.89250
0.53890     65.83783
0.53912     65.78317
0.53934     65.72850
0.53955     65.67384
0.53977     65.61917
0.53998     65.56451
0.54020     65.50984
0.54042     65.45518
0.54063     65.40051
0.54085     65.34585
0.54108     65.29223
0.54131     65.23861
0.54154     65.18498
0.54178     65.13136
0.54201     65.07774
0.54224     65.02412
0.54247     64.97049
0.54270     64.91687
0.54293     64.86325
0.54316     64.80963
0.54340     64.75601
0.54364     64.70197
0.54388     64.64793
0.54412     64.59389
0.54436     64.53985
0.54460     64.48581
0.54484     64.43177
0.54508     64.37773
0.54532     64.32369
0.54556     64.26965
0.54580     64.21561
0.54604     64.16157
0.54629     64.10881
0.54655     64.05604
0.54680     64.00328
0.54705     63.95052
0.54730     63.89775
0.54756     63.84499
0.54781     63.79222
0.54806     63.73946
0.54831     63.68670
0.54857     63.63393
0.54882     63.58117
0.54907     63.52808
0.54931     63.47498
0.54956     63.42189
0.54981     63.36880
0.55005     63.31571
0.55030     63.26261
0.55055     63.20952
0.55079     63.15643
0.55104     63.10334
0.55129     63.05024
0.55153     62.99715
0.55181     62.94534
0.55209     62.89354
0.55236     62.84173
0.55264     62.78993
0.55291     62.73812
0.55319     62.68632
0.55347     62.63451
0.55374     62.58271
0.55402     62.53090
0.55429     62.47910
0.55457     62.42729
0.55485     62.37558
0.55514     62.32387
0.55542     62.27217
0.55570     62.22046
0.55599     62.16875
0.55627     62.11704
0.55656     62.06534
0.55684     62.01363
0.55712     61.96192
0.55741     61.91021
0.55769     61.85850
0.55793     61.80520
0.55818     61.75190
0.55842     61.69860
0.55867     61.64530
0.55891     61.59199
0.55916     61.53869
0.55940     61.48539
0.55965     61.43209
0.55989     61.37878
0.56014     61.32548
0.56038     61.27218
0.56063     61.21853
0.56088     61.16487
0.56113     61.11122
0.56138     61.05757
0.56163     61.00391
0.56189     60.95026
0.56214     60.89661
0.56239     60.84295
0.56264     60.78930
0.56289     60.73565
0.56314     60.68200
0.56328     60.62378
0.56341     60.56556
0.56355     60.50734
0.56369     60.44912
0.56382     60.39091
0.56396     60.33269
0.56409     60.27447
0.56423     60.21625
0.56437     60.15804
0.56450     60.09982
0.56464     60.04160
0.56492     59.98936
0.56520     59.93712
0.56548     59.88488
0.56576     59.83264
0.56604     59.78040
0.56632     59.72815
0.56660     59.67591
0.56688     59.62367
0.56716     59.57143
0.56744     59.51919
0.56772     59.46695
0.56799     59.41528
0.56826     59.36361
0.56853     59.31195
0.56880     59.26028
0.56907     59.20861
0.56934     59.15694
0.56961     59.10527
0.56988     59.05360
0.57015     59.00194
0.57042     58.95027
0.57069     58.89860
0.57100     58.84330
0.57130     58.78799
0.57161     58.73269
0.57191     58.67738
0.57221     58.62208
0.57252     58.56677
0.57282     58.51147
0.57312     58.45616
0.57343     58.40085
0.57373     58.34555
0.57404     58.29024
0.57436     58.23713
0.57469     58.18402
0.57502     58.13091
0.57534     58.07780
0.57567     58.02469
0.57600     57.97158
0.57632     57.91847
0.57665     57.86535
0.57698     57.81224
0.57730     57.75913
0.57763     57.70602
0.57797     57.65296
0.57832     57.59990
0.57866     57.54685
0.57901     57.49379
0.57935     57.44073
0.57970     57.38767
0.58004     57.33461
0.58039     57.28155
0.58073     57.22850
0.58108     57.17544
0.58142     57.12238
0.58171     57.06525
0.58200     57.00813
0.58230     56.95100
0.58259     56.89388
0.58288     56.83675
0.58317     56.77963
0.58347     56.72250
0.58376     56.66538
0.58405     56.60825
0.58434     56.55113
0.58464     56.49400
0.58492     56.43694
0.58520     56.37987
0.58548     56.32281
0.58577     56.26575
0.58605     56.20868
0.58633     56.15162
0.58662     56.09455
0.58690     56.03749
0.58718     55.98043
0.58747     55.92336
0.58775     55.86630
0.58804     55.80915
0.58832     55.75199
0.58861     55.69484
0.58890     55.63768
0.58918     55.58053
0.58947     55.52337
0.58975     55.46622
0.59004     55.40906
0.59033     55.35191
0.59061     55.29475
0.59090     55.23760
0.59121     55.17922
0.59152     55.12084
0.59184     55.06246
0.59215     55.00408
0.59246     54.94570
0.59277     54.88732
0.59309     54.82894
0.59340     54.77056
0.59371     54.71218
0.59402     54.65380
0.59434     54.59542
0.59461     54.53829
0.59489     54.48116
0.59517     54.42403
0.59544     54.36691
0.59572     54.30978
0.59600     54.25265
0.59628     54.19552
0.59655     54.13840
0.59683     54.08127
0.59711     54.02414
0.59739     53.96702
0.59768     53.90951
0.59797     53.85200
0.59826     53.79449
0.59855     53.73698
0.59884     53.67947
0.59913     53.62196
0.59942     53.56445
0.59971     53.50694
0.60000     53.44943
0.60029     53.39192
0.60059     53.33442
0.60086     53.27752
0.60114     53.22063
0.60142     53.16374
0.60170     53.10685
0.60198     53.04995
0.60226     52.99306
0.60254     52.93617
0.60281     52.87928
0.60309     52.82238
0.60337     52.76549
0.60365     52.70860
0.60390     52.65286
0.60416     52.59711
0.60441     52.54137
0.60466     52.48562
0.60492     52.42988
0.60517     52.37414
0.60542     52.31839
0.60568     52.26265
0.60593     52.20690
0.60618     52.15116
0.60644     52.09542
0.60669     52.04010
0.60695     51.98478
0.60721     51.92946
0.60747     51.87414
0.60773     51.81882
0.60799     51.76351
0.60825     51.70819
0.60851     51.65287
0.60877     51.59755
0.60903     51.54223
0.60929     51.48692
0.60951     51.43200
0.60973     51.37708
0.60995     51.32216
0.61018     51.26724
0.61040     51.21232
0.61062     51.15741
0.61084     51.10249
0.61107     51.04757
0.61129     50.99265
0.61151     50.93773
0.61173     50.88281
0.61195     50.82786
0.61217     50.77291
0.61239     50.71796
0.61261     50.66301
0.61283     50.60806
0.61305     50.55311
0.61327     50.49816
0.61349     50.44320
0.61371     50.38825
0.61393     50.33330
0.61415     50.27835
0.61439     50.22298
0.61463     50.16761
0.61486     50.11224
0.61510     50.05687
0.61534     50.00150
0.61558     49.94613
0.61581     49.89076
0.61605     49.83539
0.61629     49.78002
0.61653     49.72465
0.61677     49.66928
0.61698     49.61504
0.61719     49.56079
0.61741     49.50655
0.61762     49.45230
0.61783     49.39806
0.61805     49.34381
0.61826     49.28957
0.61847     49.23532
0.61869     49.18108
0.61890     49.12683
0.61911     49.07258
0.61930     49.01851
0.61948     48.96443
0.61966     48.91036
0.61984     48.85628
0.62002     48.80221
0.62020     48.74813
0.62038     48.69405
0.62056     48.63998
0.62074     48.58590
0.62092     48.53183
0.62110     48.47775
0.62129     48.42402
0.62147     48.37029
0.62166     48.31655
0.62185     48.26282
0.62203     48.20909
0.62222     48.15536
0.62240     48.10163
0.62259     48.04790
0.62278     47.99416
0.62296     47.94043
0.62315     47.88670
0.62334     47.83225
0.62352     47.77780
0.62371     47.72335
0.62390     47.66890
0.62408     47.61445
0.62427     47.56000
0.62445     47.50555
0.62464     47.45110
0.62483     47.39665
0.62501     47.34220
0.62520     47.28775
0.62539     47.23330
0.62557     47.17885
0.62576     47.12440
0.62595     47.06995
0.62613     47.01550
0.62632     46.96105
0.62650     46.90660
0.62669     46.85215
0.62688     46.79770
0.62706     46.74325
0.62725     46.68880
0.62744     46.63435
0.62762     46.57989
0.62781     46.52544
0.62800     46.47098
0.62818     46.41653
0.62837     46.36207
0.62855     46.30762
0.62874     46.25316
0.62893     46.19871
0.62911     46.14425
0.62930     46.08980
0.62949     46.03535
0.62967     45.98090
0.62986     45.92645
0.63005     45.87200
0.63023     45.81755
0.63042     45.76310
0.63060     45.70865
0.63079     45.65420
0.63098     45.59975
0.63116     45.54530
0.63135     45.49085
0.63154     45.43640
0.63172     45.38195
0.63191     45.32750
0.63210     45.27305
0.63228     45.21860
0.63247     45.16415
0.63265     45.10970
0.63284     45.05525
0.63303     45.00080
0.63321     44.94635
0.63340     44.89190
0.63359     44.83745
0.63377     44.78299
0.63396     44.72854
0.63415     44.67408
0.63433     44.61963
0.63452     44.56517
0.63470     44.51072
0.63489     44.45626
0.63508     44.40181
0.63526     44.34735
0.63545     44.29290
0.63564     44.23845
0.63582     44.18400
0.63601     44.12955
0.63620     44.07510
0.63638     44.02065
0.63657     43.96620
0.63675     43.91175
0.63694     43.85730
0.63713     43.80285
0.63731     43.74840
0.63750     43.69395
0.63769     43.63950
0.63787     43.58504
0.63806     43.53059
0.63825     43.47613
0.63843     43.42168
0.63862     43.36722
0.63880     43.31277
0.63899     43.25831
0.63918     43.20386
0.63936     43.14940
0.63955     43.09495
0.63974     43.04050
0.63992     42.98605
0.64011     42.93160
0.64030     42.87715
0.64048     42.82270
0.64067     42.76825
0.64085     42.71380
0.64104     42.65935
0.64123     42.60490
0.64141     42.55045
0.64160     42.49600
0.64179     42.44155
0.64197     42.38710
0.64216     42.33265
0.64235     42.27820
0.64253     42.22375
0.64272     42.16930
0.64290     42.11485
0.64309     42.06040
0.64328     42.00595
0.64346     41.95150
0.64365     41.89705
0.64384     41.84260
0.64402     41.78814
0.64421     41.73369
0.64440     41.67923
0.64458     41.62478
0.64477     41.57032
0.64495     41.51587
0.64514     41.46141
0.64533     41.40696
0.64551     41.35250
0.64570     41.29805
0.64589     41.24360
0.64607     41.18915
0.64626     41.13470
0.64645     41.08025
0.64663     41.02580
0.64682     40.97135
0.64700     40.91690
0.64719     40.86245
0.64738     40.80800
0.64756     40.75355
0.64775     40.69910
0.64794     40.64465
0.64812     40.59020
0.64831     40.53575
0.64850     40.48130
0.64868     40.42685
0.64887     40.37240
0.64905     40.31795
0.64924     40.26350
0.64943     40.20905
0.64961     40.15460
0.64980     40.10015
0.64999     40.04570
0.65017     39.99124
0.65036     39.93679
0.65055     39.88233
0.65073     39.82788
0.65092     39.77342
0.65110     39.71897
0.65129     39.66451
0.65148     39.61006
0.65166     39.55560
0.65185     39.50115
0.65204     39.44670
0.65222     39.39225
0.65241     39.33780
0.65260     39.28335
0.65278     39.22890
0.65297     39.17445
0.65315     39.12000
0.65334     39.06555
0.65353     39.01110
0.65371     38.95665
0.65390     38.90220
0.65409     38.84775
0.65427     38.79330
0.65446     38.73885
0.65465     38.68440
0.65483     38.62995
0.65502     38.57550
0.65520     38.52105
0.65539     38.46660
0.65558     38.41215
0.65576     38.35770
0.65595     38.30325
0.65614     38.24880
0.65632     38.19434
0.65651     38.13989
0.65670     38.08543
0.65688     38.03098
0.65707     37.97652
0.65725     37.92207
0.65744     37.86761
0.65763     37.81316
0.65781     37.75870
0.65800     37.70425
0.65819     37.64980
0.65837     37.59535
0.65856     37.54090
0.65875     37.48645
0.65893     37.43200
0.65912     37.37755
0.65930     37.32310
0.65949     37.26865
0.65968     37.21420
0.65986     37.15975
0.66005     37.10530
0.66024     37.05085
0.66042     36.99640
0.66061     36.94195
0.66080     36.88750
0.66098     36.83305
0.66117     36.77860
0.66135     36.72415
0.66154     36.66970
0.66173     36.61525
0.66191     36.56080
0.66210     36.50635
0.66229     36.45190
0.66247     36.39744
0.66266     36.34299
0.66285     36.28853
0.66303     36.23408
0.66322     36.17962
0.66340     36.12517
0.66359     36.07071
0.66378     36.01626
0.66396     35.96180
0.66415     35.90735
0.66437     35.85290
0.66460     35.79845
0.66482     35.74400
0.66504     35.68955
0.66526     35.63510
0.66549     35.58065
0.66571     35.52620
0.66593     35.47175
0.66615     35.41730
0.66638     35.36285
0.66660     35.30840
0.66685     35.25395
0.66710     35.19950
0.66735     35.14505
0.66760     35.09060
0.66785     35.03615
0.66810     34.98170
0.66835     34.92725
0.66860     34.87280
0.66885     34.81835
0.66910     34.76390
0.66935     34.70945
0.66960     34.65500
0.66985     34.60054
0.67010     34.54609
0.67035     34.49163
0.67060     34.43718
0.67085     34.38272
0.67110     34.32827
0.67135     34.27381
0.67160     34.21936
0.67185     34.16490
0.67210     34.11045
0.67235     34.05600
0.67260     34.00155
0.67285     33.94710
0.67310     33.89265
0.67335     33.83820
0.67360     33.78375
0.67385     33.72930
0.67410     33.67485
0.67435     33.62040
0.67460     33.56595
0.67485     33.51150
0.67510     33.45705
0.67535     33.40259
0.67560     33.34814
0.67585     33.29368
0.67610     33.23923
0.67635     33.18477
0.67660     33.13032
0.67685     33.07586
0.67710     33.02141
0.67735     32.96695
0.67760     32.91250
0.67785     32.85805
0.67810     32.80360
0.67835     32.74915
0.67860     32.69470
0.67885     32.64025
0.67910     32.58580
0.67935     32.53135
0.67960     32.47690
0.67985     32.42245
0.68010     32.36800
0.68035     32.31355
0.68060     32.25910
0.68085     32.20465
0.68110     32.15020
0.68135     32.09575
0.68160     32.04130
0.68185     31.98685
0.68210     31.93240
0.68235     31.87795
0.68260     31.82350
0.68285     31.76905
0.68310     31.71460
0.68335     31.66015
0.68360     31.60569
0.68385     31.55124
0.68410     31.49678
0.68435     31.44233
0.68460     31.38787
0.68485     31.33342
0.68510     31.27896
0.68535     31.22451
0.68560     31.17005
0.68585     31.11560
0.68610     31.06115
0.68635     31.00670
0.68660     30.95225
0.68685     30.89780
0.68710     30.84335
0.68735     30.78890
0.68760     30.73445
0.68785     30.68000
0.68810     30.62555
0.68835     30.57110
0.68860     30.51665
0.68885     30.46220
0.68910     30.40775
0.68935     30.35330
0.68960     30.29885
0.68985     30.24440
0.69010     30.18995
0.69035     30.13550
0.69060     30.08105
0.69085     30.02660
0.69110     29.97215
0.69135     29.91770
0.69160     29.86325
0.69185     29.80879
0.69210     29.75434
0.69235     29.69988
0.69260     29.64543
0.69285     29.59097
0.69310     29.53652
0.69335     29.48206
0.69360     29.42761
0.69385     29.37315
0.69410     29.31870
0.69435     29.26425
0.69460     29.20980
0.69485     29.15535
0.69510     29.10090
0.69535     29.04645
0.69560     28.99200
0.69585     28.93755
0.69610     28.88310
0.69635     28.82865
0.69660     28.77420
0.69685     28.71975
0.69710     28.66530
0.69735     28.61085
0.69760     28.55640
0.69785     28.50195
0.69810     28.44750
0.69835     28.39305
0.69860     28.33860
0.69885     28.28415
0.69910     28.22970
0.69935     28.17525
0.69960     28.12080
0.69985     28.06635
0.70010     28.01189
0.70035     27.95744
0.70060     27.90298
0.70085     27.84853
0.70110     27.79407
0.70135     27.73962
0.70160     27.68516
0.70185     27.63071
0.70210     27.57625
0.70235     27.52180
0.70265     27.43800
0.70295     27.35419
0.70325     27.27039
0.70355     27.18658
0.70385     27.10278
0.70415     27.01897
0.70445     26.93517
0.70475     26.85136
0.70505     26.76756
0.70535     26.68375
0.70565     26.59995
0.70565     26.59995
